-3736.57308
-3736.57314
-3736.57308
-3736.573008
-3736.572984
-3736.573
-3736.572948
-3736.57304
-3736.573212
-3736.573188
-3736.573028
-3736.573024
-3736.573056
-3736.573196
-3736.573136
-3736.573192
-3736.573156
-3736.573208
-3736.573212
-3736.573184
-3736.573132
-3736.57302
-3736.573192
-3736.5731
-3736.573204
-3736.573268
-3736.573348
-3736.573464
-3736.573356
-3736.573424
-3736.573492
-3736.573544
-3736.573528
-3736.57354
-3736.573552
-3736.573572
-3736.57364
-3736.573532
-3736.573676
-3736.573708
-3736.573716
-3736.573624
-3736.573748
-3736.573784
-3736.573744
-3736.573668
-3736.573588
-3736.57358
-3736.573656
-3736.573536
-3736.573496
-3736.573508
-3736.573584
-3736.573524
-3736.573496
-3736.573412
-3736.573452
-3736.5733
-3736.573328
-3736.573388
-3736.573324
-3736.573428
-3736.573408
-3736.573396
-3736.5733
-3736.573276
-3736.5733
-3736.573352
-3736.573268
-3736.573296
-3736.573136
-3736.573284
-3736.573444
-3736.573404
-3736.573308
-3736.573332
-3736.573384
-3736.57328
-3736.573244
-3736.573324
-3736.573476
-3736.57344
-3736.573428
-3736.573616
-3736.573712
-3736.573888
-3736.573964
-3736.573944
-3736.573716
-3736.573808
-3736.573844
-3736.573864
-3736.573748
-3736.573724
-3736.573808
-3736.573796
-3736.573692
-3736.57372
-3736.573684
-3736.573864
-3736.573832
-3736.573796
-3736.573864
-3736.57384
-3736.573832
-3736.57382
-3736.573812
-3736.573632
-3736.573584
-3736.57366
-3736.573604
-3736.573504
-3736.57362
-3736.573612
-3736.57352
-3736.57352
-3736.573544
-3736.573516
-3736.573468
-3736.5734
-3736.573552
-3736.573624
-3736.573588
-3736.573496
-3736.57352
-3736.573336
-3736.573496
-3736.573588
-3736.57366
-3736.573652
-3736.573724
-3736.573624
-3736.573556
-3736.573508
-3736.573424
-3736.573448
-3736.5736
-3736.573564
-3736.57366
-3736.573604
-3736.57356
-3736.573668
-3736.573592
-3736.573428
-3736.57338
-3736.57338
-3736.573476
-3736.573616
-3736.573456
-3736.573472
-3736.573408
-3736.573464
-3736.573456
-3736.573592
-3736.573724
-3736.573632
-3736.573708
-3736.573784
-3736.573964
-3736.573868
-3736.573896
-3736.573796
-3736.57382
-3736.573944
-3736.57378
-3736.573792
-3736.57372
-3736.573744
-3736.57394
-3736.574052
-3736.57412
-3736.574084
-3736.574136
-3736.574
-3736.57394
-3736.57384
-3736.573776
-3736.573676
-3736.573744
-3736.5738
-3736.5738
-3736.573968
-3736.574
-3736.573892
-3736.573964
-3736.573896
-3736.573884
-3736.573748
-3736.573928
-3736.57398
-3736.57396
-3736.573932
-3736.573964
-3736.573892
-3736.573832
-3736.573828
-3736.57386
-3736.573812
-3736.573868
-3736.573824
-3736.573788
-3736.573748
-3736.573796
-3736.573708
-3736.573712
-3736.573776
-3736.573768
-3736.573824
-3736.573788
-3736.573932
-3736.573936
-3736.573804
-3736.57386
-3736.573768
-3736.573644
-3736.57354
-3736.573532
-3736.573324
-3736.573424
-3736.573488
-3736.57346
-3736.573484
-3736.573452
-3736.573352
-3736.573484
-3736.57352
-3736.573488
-3736.573332
-3736.573332
-3736.573256
-3736.573288
-3736.57338
-3736.573272
-3736.573256
-3736.573076
-3736.57312
-3736.572996
-3736.572876
-3736.57278
-3736.572736
-3736.572824
-3736.572876
-3736.572904
-3736.57278
-3736.572716
-3736.57284
-3736.5729
-3736.572804
-3736.572856
-3736.572936
-3736.572956
-3736.572912
-3736.572944
-3736.572868
-3736.57302
-3736.573068
-3736.572864
-3736.572856
-3736.57298
-3736.572876
-3736.572828
-3736.572892
-3736.572964
-3736.572884
-3736.573032
-3736.572968
-3736.573052
-3736.573008
-3736.573112
-3736.573
-3736.573056
-3736.572912
-3736.573052
-3736.573084
-3736.573116
-3736.573176
-3736.573192
-3736.57296
-3736.57306
-3736.573024
-3736.573004
-3736.573004
-3736.572984
-3736.572972
-3736.572956
-3736.573012
-3736.573024
-3736.572944
-3736.572992
-3736.573064
-3736.573184
-3736.573012
-3736.572976
-3736.5729
-3736.57302
-3736.573024
-3736.573076
-3736.573024
-3736.572984
-3736.572972
-3736.572976
-3736.572832
-3736.572776
-3736.572808
-3736.57278
-3736.572788
-3736.572816
-3736.572836
-3736.57294
-3736.572928
-3736.572964
-3736.573068
-3736.573136
-3736.573096
-3736.573052
-3736.573092
-3736.573032
-3736.573036
-3736.573172
-3736.5732
-3736.573276
-3736.57338
-3736.573408
-3736.57344
-3736.573504
-3736.573496
-3736.573456
-3736.573636
-3736.573708
-3736.5737
-3736.573724
-3736.573624
-3736.573624
-3736.573652
-3736.573624
-3736.573612
-3736.573388
-3736.573304
-3736.57326
-3736.573404
-3736.573456
-3736.573604
-3736.573768
-3736.573688
-3736.57366
-3736.573592
-3736.573616
-3736.573668
-3736.573684
-3736.573708
-3736.573692
-3736.573708
-3736.573752
-3736.573768
-3736.573616
-3736.57368
-3736.573512
-3736.573468
-3736.57344
-3736.573436
-3736.573392
-3736.57338
-3736.573452
-3736.57338
-3736.573252
-3736.573332
-3736.573516
-3736.5735
-3736.573548
-3736.573572
-3736.573676
-3736.573644
-3736.573844
-3736.573928
-3736.57388
-3736.5739
-3736.574052
-3736.573916
-3736.573896
-3736.573976
-3736.574064
-3736.5742
-3736.574176
-3736.574024
-3736.57394
-3736.573968
-3736.574
-3736.574032
-3736.573872
-3736.573904
-3736.57396
-3736.573936
-3736.573932
-3736.573844
-3736.573864
-3736.573756
-3736.573864
-3736.573816
-3736.573952
-3736.573944
-3736.573936
-3736.573916
-3736.573992
-3736.573904
-3736.574032
-3736.57394
-3736.573864
-3736.574008
-3736.57398
-3736.57402
-3736.574072
-3736.574224
-3736.574256
-3736.574424
-3736.574384
-3736.574552
-3736.574636
-3736.57478
-3736.574812
-3736.574724
-3736.574652
-3736.574712
-3736.574716
-3736.57468
-3736.57468
-3736.574588
-3736.574536
-3736.574392
-3736.574312
-3736.574332
-3736.574356
-3736.574392
-3736.57448
-3736.574452
-3736.57448
-3736.57448
-3736.574476
-3736.574292
-3736.57408
-3736.573992
-3736.573968
-3736.573976
-3736.573936
-3736.573904
-3736.573824
-3736.57384
-3736.573672
-3736.573672
-3736.573768
-3736.573796
-3736.573716
-3736.573676
-3736.57372
-3736.573684
-3736.57372
-3736.573608
-3736.573548
-3736.573552
-3736.57352
-3736.573656
-3736.573672
-3736.573732
-3736.573732
-3736.573876
-3736.573724
-3736.57384
-3736.574068
-3736.574132
-3736.574088
-3736.573916
-3736.573988
-3736.573832
-3736.573992
-3736.57406
-3736.574088
-3736.573932
-3736.573852
-3736.573904
-3736.573988
-3736.573784
-3736.573952
-3736.573968
-3736.574036
-3736.57414
-3736.57414
-3736.574112
-3736.574172
-3736.574216
-3736.57412
-3736.574072
-3736.574048
-3736.574108
-3736.574076
-3736.574128
-3736.57398
-3736.574016
-3736.574004
-3736.574068
-3736.57412
-3736.574168
-3736.574152
-3736.574168
-3736.574084
-3736.574204
-3736.574152
-3736.574136
-3736.574212
-3736.574188
-3736.574256
-3736.57422
-3736.574376
-3736.574388
-3736.574348
-3736.574376
-3736.574392
-3736.574408
-3736.574392
-3736.574428
-3736.574372
-3736.574212
-3736.574216
-3736.57426
-3736.574536
-3736.574396
-3736.574356
-3736.574352
-3736.57436
-3736.574376
-3736.574384
-3736.57446
-3736.574388
-3736.574256
-3736.57428
-3736.574512
-3736.57462
-3736.574588
-3736.574652
-3736.574608
-3736.574532
-3736.5746
-3736.57464
-3736.574804
-3736.574744
-3736.57478
-3736.574808
-3736.574844
-3736.57498
-3736.575052
-3736.575164
-3736.574984
-3736.575084
-3736.575072
-3736.57492
-3736.575068
-3736.575032
-3736.575056
-3736.575076
-3736.574976
-3736.574976
-3736.575108
-3736.575184
-3736.57516
-3736.575236
-3736.575256
-3736.57506
-3736.574968
-3736.575048
-3736.575152
-3736.575068
-3736.575012
-3736.57506
-3736.57498
-3736.575016
-3736.574956
-3736.575
-3736.574928
-3736.574944
-3736.574852
-3736.574776
-3736.574788
-3736.574812
-3736.57474
-3736.574668
-3736.574692
-3736.574676
-3736.574748
-3736.574912
-3736.574924
-3736.575064
-3736.574996
-3736.575016
-3736.575132
-3736.574956
-3736.574968
-3736.574852
-3736.57476
-3736.574788
-3736.574668
-3736.57464
-3736.574524
-3736.57444
-3736.574364
-3736.574396
-3736.574488
-3736.574428
-3736.57448
-3736.574448
-3736.574452
-3736.574352
-3736.574344
-3736.574432
-3736.574464
-3736.574492
-3736.574596
-3736.574564
-3736.57452
-3736.57446
-3736.574356
-3736.57424
-3736.57422
-3736.574264
-3736.57418
-3736.574044
-3736.57418
-3736.57418
-3736.574268
-3736.574328
-3736.574284
-3736.574204
-3736.57424
-3736.574116
-3736.57418
-3736.574068
-3736.573984
-3736.574004
-3736.573948
-3736.573884
-3736.573888
-3736.573824
-3736.573944
-3736.574116
-3736.574164
-3736.574256
-3736.574152
-3736.574168
-3736.574008
-3736.574052
-3736.574076
-3736.574184
-3736.574336
-3736.574328
-3736.574176
-3736.57428
-3736.574352
-3736.574408
-3736.574488
-3736.574488
-3736.57442
-3736.574328
-3736.574296
-3736.57436
-3736.574492
-3736.5745
-3736.574532
-3736.574536
-3736.574648
-3736.574528
-3736.574496
-3736.574468
-3736.574388
-3736.574332
-3736.574356
-3736.574432
-3736.574288
-3736.574268
-3736.574328
-3736.574468
-3736.574408
-3736.574488
-3736.574516
-3736.574596
-3736.574628
-3736.574496
-3736.574428
-3736.574524
-3736.574484
-3736.574364
-3736.574432
-3736.574392
-3736.574376
-3736.574336
-3736.574316
-3736.57432
-3736.57426
-3736.574328
-3736.574476
-3736.57442
-3736.574464
-3736.5744
-3736.574532
-3736.574532
-3736.574608
-3736.574412
-3736.574404
-3736.574388
-3736.57434
-3736.574172
-3736.57416
-3736.574288
-3736.574304
-3736.574268
-3736.574108
-3736.574212
-3736.574292
-3736.574392
-3736.574528
-3736.57448
-3736.57448
-3736.574508
-3736.574692
-3736.574644
-3736.574644
-3736.574832
-3736.574856
-3736.574896
-3736.574948
-3736.574808
-3736.574904
-3736.574904
-3736.574952
-3736.574848
-3736.574832
-3736.574896
-3736.574928
-3736.574984
-3736.575004
-3736.575148
-3736.5752
-3736.575208
-3736.575188
-3736.575164
-3736.575076
-3736.575128
-3736.57508
-3736.575152
-3736.575204
-3736.5751
-3736.575076
-3736.575092
-3736.5752
-3736.5752
-3736.575232
-3736.575188
-3736.575036
-3736.5749
-3736.574832
-3736.574888
-3736.574812
-3736.574968
-3736.574796
-3736.574832
-3736.574968
-3736.575092
-3736.575184
-3736.575184
-3736.575228
-3736.57524
-3736.575356
-3736.575556
-3736.57582
-3736.575832
-3736.575896
-3736.575812
-3736.575796
-3736.575892
-3736.575884
-3736.575884
-3736.575844
-3736.575872
-3736.576
-3736.575892
-3736.575896
-3736.575848
-3736.575948
-3736.576092
-3736.576336
-3736.57642
-3736.576452
-3736.576512
-3736.576564
-3736.576568
-3736.576612
-3736.576552
-3736.576596
-3736.576564
-3736.576632
-3736.576608
-3736.576736
-3736.576656
-3736.576724
-3736.576624
-3736.57658
-3736.576636
-3736.576776
-3736.576752
-3736.576704
-3736.576632
-3736.576676
-3736.576732
-3736.576784
-3736.576724
-3736.576808
-3736.576936
-3736.577072
-3736.577
-3736.576896
-3736.576988
-3736.577008
-3736.577132
-3736.576972
-3736.576996
-3736.577052
-3736.577164
-3736.577296
-3736.57728
-3736.577164
-3736.577152
-3736.577196
-3736.577228
-3736.5772
-3736.577172
-3736.57734
-3736.577304
-3736.577196
-3736.577232
-3736.5772
-3736.577164
-3736.577136
-3736.577124
-3736.577088
-3736.577044
-3736.577048
-3736.576976
-3736.576872
-3736.576812
-3736.576896
-3736.577108
-3736.57722
-3736.577304
-3736.577492
-3736.577628
-3736.577756
-3736.577692
-3736.577704
-3736.577616
-3736.577628
-3736.577628
-3736.577632
-3736.577664
-3736.577636
-3736.577728
-3736.577552
-3736.577488
-3736.57768
-3736.577704
-3736.57752
-3736.577628
-3736.57756
-3736.57764
-3736.577448
-3736.577412
-3736.577416
-3736.577436
-3736.577472
-3736.577432
-3736.57746
-3736.577508
-3736.577516
-3736.57752
-3736.5775
-3736.577528
-3736.577616
-3736.577692
-3736.577704
-3736.577592
-3736.577588
-3736.577536
-3736.57736
-3736.577332
-3736.577152
-3736.577092
-3736.577084
-3736.577068
-3736.577172
-3736.577132
-3736.577212
-3736.577072
-3736.577012
-3736.577056
-3736.577072
-3736.57712
-3736.577216
-3736.577188
-3736.577232
-3736.577192
-3736.57726
-3736.57734
-3736.577248
-3736.577032
-3736.577032
-3736.57728
-3736.577236
-3736.577256
-3736.577332
-3736.577564
-3736.577484
-3736.57746
-3736.577452
-3736.57746
-3736.577616
-3736.577776
-3736.577748
-3736.57766
-3736.57774
-3736.577828
-3736.577812
-3736.5779
-3736.577888
-3736.57784
-3736.577972
-3736.578028
-3736.578004
-3736.577904
-3736.577872
-3736.577856
-3736.57782
-3736.577872
-3736.57794
-3736.5779
-3736.577956
-3736.57806
-3736.578104
-3736.57812
-3736.578184
-3736.578192
-3736.578132
-3736.577968
-3736.578088
-3736.577996
-3736.577988
-3736.578004
-3736.578136
-3736.578164
-3736.577968
-3736.57794
-3736.57802
-3736.577976
-3736.57786
-3736.577808
-3736.577812
-3736.577828
-3736.577904
-3736.577864
-3736.577808
-3736.577848
-3736.577984
-3736.578024
-3736.578028
-3736.578048
-3736.577916
-3736.57786
-3736.577828
-3736.577976
-3736.57816
-3736.578192
-3736.578216
-3736.5784
-3736.578512
-3736.578612
-3736.578424
-3736.578584
-3736.57862
-3736.578536
-3736.57858
-3736.578472
-3736.578456
-3736.578396
-3736.578424
-3736.578324
-3736.578344
-3736.578324
-3736.578284
-3736.578228
-3736.578264
-3736.578372
-3736.5783
-3736.57826
-3736.578232
-3736.57814
-3736.578008
-3736.577952
-3736.578056
-3736.57822
-3736.578208
-3736.578084
-3736.578152
-3736.578104
-3736.578136
-3736.578248
-3736.578284
-3736.57826
-3736.578128
-3736.578096
-3736.578
-3736.57796
-3736.577848
-3736.577816
-3736.577592
-3736.57768
-3736.577504
-3736.577544
-3736.577476
-3736.577432
-3736.577528
-3736.57742
-3736.57746
-3736.577328
-3736.57736
-3736.577296
-3736.577196
-3736.577132
-3736.577096
-3736.577092
-3736.577004
-3736.57686
-3736.57698
-3736.577
-3736.577044
-3736.577036
-3736.577028
-3736.577068
-3736.577148
-3736.577112
-3736.57698
-3736.57704
-3736.577004
-3736.576996
-3736.576964
-3736.57696
-3736.576948
-3736.57694
-3736.577096
-3736.57704
-3736.577072
-3736.57716
-3736.5772
-3736.577164
-3736.577216
-3736.5773
-3736.577288
-3736.577236
-3736.57712
-3736.577084
-3736.577104
-3736.577104
-3736.577064
-3736.577052
-3736.576972
-3736.577004
-3736.57708
-3736.577328
-3736.577344
-3736.57728
-3736.577264
-3736.57726
-3736.577332
-3736.57714
-3736.577128
-3736.577108
-3736.57706
-3736.577104
-3736.5771
-3736.576972
-3736.57688
-3736.576728
-3736.57678
-3736.576788
-3736.576748
-3736.576804
-3736.576784
-3736.5768
-3736.576668
-3736.576652
-3736.576528
-3736.57658
-3736.576468
-3736.57636
-3736.57646
-3736.576436
-3736.576436
-3736.576396
-3736.576384
-3736.576536
-3736.576588
-3736.576528
-3736.576396
-3736.576328
-3736.576408
-3736.576392
-3736.576408
-3736.57644
-3736.57654
-3736.576596
-3736.576588
-3736.576608
-3736.576636
-3736.576552
-3736.576448
-3736.576428
-3736.576364
-3736.576348
-3736.576252
-3736.576224
-3736.576228
-3736.576196
-3736.576436
-3736.576528
-3736.576536
-3736.576492
-3736.576444
-3736.57638
-3736.576336
-3736.576396
-3736.576512
-3736.576348
-3736.576368
-3736.576424
-3736.576416
-3736.576372
-3736.576336
-3736.576308
-3736.5764
-3736.57646
-3736.576468
-3736.576516
-3736.576524
-3736.576516
-3736.57636
-3736.576268
-3736.576264
-3736.576256
-3736.576284
-3736.576324
-3736.576336
-3736.576292
-3736.576448
-3736.576544
-3736.576564
-3736.576784
-3736.576656
-3736.576712
-3736.576724
-3736.57664
-3736.57666
-3736.576696
-3736.576528
-3736.576576
-3736.576468
-3736.576604
-3736.576656
-3736.576604
-3736.576612
-3736.576796
-3736.576664
-3736.57668
-3736.576536
-3736.576576
-3736.576652
-3736.57662
-3736.576812
-3736.576704
-3736.576612
-3736.576548
-3736.576448
-3736.5765
-3736.576512
-3736.576684
-3736.576604
-3736.576636
-3736.576376
-3736.57648
-3736.576508
-3736.576524
-3736.57652
-3736.576372
-3736.576352
-3736.576428
-3736.576536
-3736.576584
-3736.576664
-3736.576604
-3736.576564
-3736.576604
-3736.57652
-3736.57654
-3736.57652
-3736.576588
-3736.576724
-3736.576752
-3736.576684
-3736.576816
-3736.576912
-3736.576844
-3736.57686
-3736.576736
-3736.576708
-3736.576728
-3736.576792
-3736.576844
-3736.576788
-3736.576736
-3736.576924
-3736.576816
-3736.576956
-3736.57686
-3736.576896
-3736.57698
-3736.57712
-3736.577092
-3736.577184
-3736.577248
-3736.57728
-3736.577244
-3736.577316
-3736.577324
-3736.577184
-3736.577184
-3736.576964
-3736.577092
-3736.577072
-3736.576976
-3736.57702
-3736.577264
-3736.577332
-3736.577268
-3736.577356
-3736.577404
-3736.577492
-3736.577636
-3736.577636
-3736.577576
-3736.577584
-3736.577648
-3736.577828
-3736.57794
-3736.57792
-3736.57798
-3736.578028
-3736.577996
-3736.578076
-3736.578024
-3736.577992
-3736.5778
-3736.577936
-3736.57796
-3736.577932
-3736.577908
-3736.577812
-3736.577788
-3736.577672
-3736.577708
-3736.577668
-3736.577708
-3736.577716
-3736.57776
-3736.577772
-3736.577516
-3736.577444
-3736.577332
-3736.577332
-3736.577468
-3736.57736
-3736.577524
-3736.577592
-3736.577456
-3736.57746
-3736.57742
-3736.577452
-3736.577552
-3736.577524
-3736.57748
-3736.57748
-3736.577392
-3736.577436
-3736.577572
-3736.57756
-3736.577548
-3736.577548
-3736.577544
-3736.577284
-3736.577468
-3736.577536
-3736.577404
-3736.577352
-3736.577404
-3736.577372
-3736.577572
-3736.57758
-3736.577716
-3736.57776
-3736.577792
-3736.577724
-3736.577632
-3736.57776
-3736.577752
-3736.577712
-3736.577828
-3736.577876
-3736.577964
-3736.57798
-3736.577948
-3736.577916
-3736.57792
-3736.577872
-3736.577892
-3736.57778
-3736.57784
-3736.577508
-3736.577592
-3736.577604
-3736.577496
-3736.57754
-3736.577536
-3736.577616
-3736.577644
-3736.577552
-3736.577492
-3736.577552
-3736.577644
-3736.577748
-3736.577648
-3736.577748
-3736.57776
-3736.577728
-3736.577776
-3736.577716
-3736.577888
-3736.577844
-3736.577664
-3736.577644
-3736.577756
-3736.577824
-3736.577968
-3736.577996
-3736.578036
-3736.57814
-3736.578172
-3736.578196
-3736.578308
-3736.578312
-3736.578264
-3736.578352
-3736.578284
-3736.57824
-3736.57828
-3736.578084
-3736.577908
-3736.577772
-3736.577788
-3736.577788
-3736.577732
-3736.57784
-3736.577724
-3736.577816
-3736.577868
-3736.57764
-3736.577664
-3736.57784
-3736.57778
-3736.57768
-3736.57774
-3736.577716
-3736.57772
-3736.577632
-3736.577536
-3736.577444
-3736.577404
-3736.577516
-3736.5775
-3736.577624
-3736.577764
-3736.57784
-3736.577832
-3736.577716
-3736.57784
-3736.5777
-3736.577764
-3736.577512
-3736.577572
-3736.577604
-3736.577624
-3736.577716
-3736.577784
-3736.577768
-3736.577632
-3736.577672
-3736.577688
-3736.577688
-3736.577752
-3736.577636
-3736.57754
-3736.577588
-3736.577536
-3736.5776
-3736.57764
-3736.577704
-3736.577936
-3736.578016
-3736.57806
-3736.578004
-3736.578044
-3736.578016
-3736.578056
-3736.578104
-3736.57806
-3736.578036
-3736.578176
-3736.578144
-3736.57796
-3736.577896
-3736.577752
-3736.577756
-3736.577776
-3736.577812
-3736.577936
-3736.577924
-3736.577936
-3736.577912
-3736.578064
-3736.577952
-3736.577728
-3736.57766
-3736.5778
-3736.577844
-3736.577888
-3736.577792
-3736.577976
-3736.5779
-3736.577844
-3736.577808
-3736.577736
-3736.577704
-3736.577632
-3736.577556
-3736.577572
-3736.57762
-3736.577648
-3736.577596
-3736.577456
-3736.577448
-3736.577488
-3736.577352
-3736.577316
-3736.577316
-3736.577384
-3736.57744
-3736.577548
-3736.577484
-3736.577592
-3736.577656
-3736.577604
-3736.577572
-3736.577628
-3736.577704
-3736.577808
-3736.5778
-3736.577888
-3736.577888
-3736.577852
-3736.577776
-3736.577876
-3736.577836
-3736.577788
-3736.577836
-3736.577768
-3736.577612
-3736.577644
-3736.577584
-3736.57782
-3736.577892
-3736.577908
-3736.577928
-3736.57798
-3736.577952
-3736.577836
-3736.577816
-3736.5777
-3736.577824
-3736.57784
-3736.577788
-3736.577752
-3736.577916
-3736.578044
-3736.57808
-3736.578116
-3736.578056
-3736.578076
-3736.578104
-3736.577984
-3736.577996
-3736.577984
-3736.5781
-3736.577988
-3736.577968
-3736.578088
-3736.57792
-3736.577848
-3736.577796
-3736.577908
-3736.577952
-3736.578052
-3736.578096
-3736.578116
-3736.578068
-3736.577988
-3736.577948
-3736.578092
-3736.578072
-3736.578092
-3736.578032
-3736.578144
-3736.578172
-3736.577932
-3736.577952
-3736.57802
-3736.578016
-3736.577868
-3736.577776
-3736.577712
-3736.577772
-3736.577768
-3736.577896
-3736.577992
-3736.57796
-3736.577944
-3736.577876
-3736.577896
-3736.577888
-3736.577968
-3736.577952
-3736.577916
-3736.577852
-3736.577776
-3736.577808
-3736.577812
-3736.577772
-3736.577552
-3736.57746
-3736.577388
-3736.577432
-3736.577336
-3736.5774
-3736.577452
-3736.577452
-3736.577436
-3736.577472
-3736.577428
-3736.577364
-3736.577504
-3736.577568
-3736.5777
-3736.57794
-3736.577896
-3736.577856
-3736.577796
-3736.57788
-3736.577856
-3736.577764
-3736.577648
-3736.577824
-3736.57786
-3736.57798
-3736.577836
-3736.577796
-3736.577888
-3736.577832
-3736.577864
-3736.577864
-3736.57784
-3736.577784
-3736.577528
-3736.577512
-3736.577416
-3736.57746
-3736.577604
-3736.577544
-3736.577712
-3736.5779
-3736.577792
-3736.57776
-3736.577644
-3736.577584
-3736.577476
-3736.57746
-3736.577304
-3736.577396
-3736.577468
-3736.57738
-3736.577536
-3736.577536
-3736.577456
-3736.577532
-3736.577576
-3736.57754
-3736.577544
-3736.577572
-3736.577576
-3736.577768
-3736.577836
-3736.577872
-3736.577976
-3736.577848
-3736.577828
-3736.577896
-3736.578052
-3736.57816
-3736.578284
-3736.578396
-3736.578288
-3736.578456
-3736.578416
-3736.578468
-3736.578524
-3736.578556
-3736.578744
-3736.578868
-3736.57898
-3736.578996
-3736.578916
-3736.578932
-3736.578876
-3736.57898
-3736.57888
-3736.578992
-3736.578896
-3736.578828
-3736.578864
-3736.578928
-3736.578952
-3736.578972
-3736.579068
-3736.57912
-3736.57914
-3736.579108
-3736.579228
-3736.57938
-3736.579276
-3736.579168
-3736.57906
-3736.579156
-3736.57914
-3736.579168
-3736.579236
-3736.579212
-3736.579236
-3736.579212
-3736.57926
-3736.579348
-3736.579404
-3736.579376
-3736.579312
-3736.579472
-3736.579524
-3736.579612
-3736.579584
-3736.579592
-3736.579624
-3736.579528
-3736.579544
-3736.57956
-3736.579636
-3736.57962
-3736.579664
-3736.579756
-3736.579712
-3736.579796
-3736.579768
-3736.579736
-3736.579708
-3736.579712
-3736.579784
-3736.579872
-3736.579724
-3736.579732
-3736.579804
-3736.579892
-3736.57978
-3736.579772
-3736.579796
-3736.579628
-3736.579684
-3736.579656
-3736.579628
-3736.579712
-3736.579756
-3736.57958
-3736.579564
-3736.579564
-3736.579612
-3736.579636
-3736.579844
-3736.579916
-3736.579812
-3736.579768
-3736.579864
-3736.579772
-3736.579764
-3736.579824
-3736.57974
-3736.579572
-3736.579616
-3736.579624
-3736.57956
-3736.579508
-3736.579496
-3736.579532
-3736.5797
-3736.57962
-3736.579432
-3736.579448
-3736.579528
-3736.579552
-3736.579456
-3736.579576
-3736.579304
-3736.579244
-3736.579208
-3736.57924
-3736.579092
-3736.579204
-3736.57916
-3736.579136
-3736.579104
-3736.57916
-3736.579116
-3736.579164
-3736.579064
-3736.578936
-3736.578948
-3736.579104
-3736.578992
-3736.578936
-3736.578844
-3736.578872
-3736.578868
-3736.578784
-3736.5788
-3736.578808
-3736.578912
-3736.578792
-3736.57878
-3736.578716
-3736.578604
-3736.578624
-3736.578608
-3736.57868
-3736.57862
-3736.578704
-3736.578684
-3736.57874
-3736.57874
-3736.578696
-3736.578752
-3736.578888
-3736.578848
-3736.578956
-3736.579028
-3736.579108
-3736.579092
-3736.579064
-3736.579048
-3736.578952
-3736.578956
-3736.57888
-3736.578868
-3736.579084
-3736.579016
-3736.57896
-3736.578832
-3736.578924
-3736.579048
-3736.579072
-3736.579232
-3736.579392
-3736.57928
-3736.579204
-3736.57918
-3736.579136
-3736.579064
-3736.579084
-3736.579044
-3736.579012
-3736.578864
-3736.578836
-3736.578824
-3736.57878
-3736.578664
-3736.578764
-3736.57872
-3736.578676
-3736.578756
-3736.578732
-3736.578836
-3736.578704
-3736.578704
-3736.578844
-3736.578948
-3736.578916
-3736.578948
-3736.578868
-3736.578776
-3736.578712
-3736.57852
-3736.578616
-3736.578588
-3736.578544
-3736.578564
-3736.578436
-3736.578388
-3736.578288
-3736.578224
-3736.578228
-3736.57824
-3736.57822
-3736.578236
-3736.578216
-3736.5783
-3736.578288
-3736.578296
-3736.578292
-3736.57844
-3736.578468
-3736.578472
-3736.578536
-3736.578504
-3736.578456
-3736.578548
-3736.578536
-3736.578636
-3736.57884
-3736.578792
-3736.578752
-3736.578796
-3736.579
-3736.579036
-3736.579108
-3736.5792
-3736.5792
-3736.579076
-3736.579056
-3736.579008
-3736.578996
-3736.579084
-3736.57896
-3736.578936
-3736.57886
-3736.578904
-3736.578892
-3736.578996
-3736.578932
-3736.578892
-3736.578744
-3736.578724
-3736.578668
-3736.578692
-3736.578568
-3736.578588
-3736.578468
-3736.57856
-3736.57862
-3736.578456
-3736.578564
-3736.57844
-3736.578284
-3736.57836
-3736.578332
-3736.57832
-3736.578324
-3736.578316
-3736.578224
-3736.578196
-3736.578112
-3736.577992
-3736.577868
-3736.577952
-3736.577988
-3736.57798
-3736.578044
-3736.577992
-3736.578
-3736.578108
-3736.5782
-3736.578212
-3736.578212
-3736.57834
-3736.57838
-3736.578544
-3736.57856
-3736.578448
-3736.57842
-3736.578248
-3736.57836
-3736.57828
-3736.578312
-3736.578368
-3736.578272
-3736.578348
-3736.578484
-3736.57844
-3736.57838
-3736.578564
-3736.578556
-3736.578544
-3736.578596
-3736.578488
-3736.5784
-3736.578428
-3736.578468
-3736.578384
-3736.578336
-3736.578272
-3736.57824
-3736.578196
-3736.578072
-3736.578164
-3736.578188
-3736.57804
-3736.578052
-3736.578136
-3736.578228
-3736.5783
-3736.578144
-3736.578272
-3736.578208
-3736.578264
-3736.578328
-3736.57832
-3736.578336
-3736.57842
-3736.578408
-3736.578396
-3736.57856
-3736.578468
-3736.57852
-3736.57852
-3736.578492
-3736.57856
-3736.578728
-3736.578648
-3736.578788
-3736.57882
-3736.578676
-3736.578664
-3736.578672
-3736.578736
-3736.578672
-3736.57868
-3736.578596
-3736.578576
-3736.578508
-3736.57864
-3736.578676
-3736.578568
-3736.57862
-3736.578672
-3736.57868
-3736.578612
-3736.57876
-3736.578708
-3736.578736
-3736.578728
-3736.578736
-3736.578744
-3736.578748
-3736.578668
-3736.578684
-3736.578468
-3736.578492
-3736.578524
-3736.57866
-3736.578668
-3736.578628
-3736.57864
-3736.578604
-3736.578592
-3736.57868
-3736.578816
-3736.578748
-3736.578604
-3736.578548
-3736.578688
-3736.578576
-3736.578564
-3736.578392
-3736.578312
-3736.57832
-3736.57836
-3736.578364
-3736.578348
-3736.578156
-3736.57814
-3736.578156
-3736.57814
-3736.578064
-3736.578016
-3736.577976
-3736.578036
-3736.57806
-3736.57798
-3736.577996
-3736.577888
-3736.577976
-3736.578016
-3736.57808
-3736.578164
-3736.578284
-3736.578116
-3736.578156
-3736.57824
-3736.578152
-3736.578136
-3736.578188
-3736.578232
-3736.578324
-3736.57826
-3736.578288
-3736.578204
-3736.57818
-3736.578356
-3736.578388
-3736.578352
-3736.578288
-3736.578192
-3736.578248
-3736.578256
-3736.578264
-3736.57834
-3736.578328
-3736.578236
-3736.578212
-3736.5783
-3736.578336
-3736.578348
-3736.578292
-3736.578308
-3736.578216
-3736.578304
-3736.578404
-3736.57842
-3736.578436
-3736.578376
-3736.578444
-3736.578576
-3736.578508
-3736.57846
-3736.578556
-3736.5785
-3736.578604
-3736.578532
-3736.578592
-3736.578544
-3736.578572
-3736.578508
-3736.57858
-3736.578576
-3736.578604
-3736.578584
-3736.578672
-3736.57868
-3736.57868
-3736.578832
-3736.578612
-3736.578572
-3736.5785
-3736.578548
-3736.578584
-3736.578708
-3736.57876
-3736.578756
-3736.578684
-3736.578708
-3736.5785
-3736.578456
-3736.57856
-3736.578504
-3736.578632
-3736.578752
-3736.578704
-3736.578612
-3736.57862
-3736.578692
-3736.57864
-3736.578648
-3736.578696
-3736.578752
-3736.578864
-3736.579032
-3736.579164
-3736.579172
-3736.5792
-3736.579272
-3736.579376
-3736.579388
-3736.579316
-3736.57928
-3736.579348
-3736.579352
-3736.579344
-3736.579332
-3736.579396
-3736.579452
-3736.57936
-3736.579408
-3736.579372
-3736.579396
-3736.579324
-3736.57936
-3736.579328
-3736.57952
-3736.579536
-3736.579392
-3736.57944
-3736.579368
-3736.57938
-3736.579324
-3736.579264
-3736.579296
-3736.579296
-3736.579292
-3736.579264
-3736.579272
-3736.579308
-3736.579132
-3736.579296
-3736.5793
-3736.57928
-3736.579336
-3736.579388
-3736.579388
-3736.579252
-3736.579268
-3736.579276
-3736.5792
-3736.579248
-3736.579264
-3736.579296
-3736.579296
-3736.57926
-3736.579248
-3736.579384
-3736.579432
-3736.579436
-3736.579408
-3736.57932
-3736.579276
-3736.579296
-3736.579292
-3736.579308
-3736.5794
-3736.579416
-3736.579388
-3736.579404
-3736.579272
-3736.579212
-3736.579192
-3736.579204
-3736.57912
-3736.578996
-3736.579092
-3736.579116
-3736.57906
-3736.57912
-3736.57896
-3736.578944
-3736.578864
-3736.578964
-3736.578908
-3736.578728
-3736.578772
-3736.578688
-3736.57864
-3736.578688
-3736.578816
-3736.578888
-3736.579024
-3736.579012
-3736.578976
-3736.57894
-3736.578908
-3736.578992
-3736.579024
-3736.57918
-3736.579096
-3736.57902
-3736.579144
-3736.5788
-3736.578748
-3736.578664
-3736.578772
-3736.578824
-3736.578864
-3736.57876
-3736.578796
-3736.578764
-3736.57884
-3736.579004
-3736.57912
-3736.579308
-3736.579368
-3736.579312
-3736.579304
-3736.579176
-3736.579032
-3736.578844
-3736.578904
-3736.57898
-3736.579044
-3736.579116
-3736.579136
-3736.579328
-3736.579248
-3736.57944
-3736.579472
-3736.579584
-3736.57964
-3736.579492
-3736.5795
-3736.579672
-3736.579516
-3736.579408
-3736.579508
-3736.579344
-3736.579176
-3736.579068
-3736.579044
-3736.579096
-3736.57908
-3736.57918
-3736.579284
-3736.579096
-3736.579076
-3736.579024
-3736.578944
-3736.578824
-3736.578808
-3736.578812
-3736.578716
-3736.578724
-3736.578876
-3736.578856
-3736.579052
-3736.579088
-3736.57904
-3736.579072
-3736.5792
-3736.579104
-3736.578928
-3736.578948
-3736.578844
-3736.578812
-3736.578596
-3736.578816
-3736.578788
-3736.578796
-3736.578708
-3736.5788
-3736.578904
-3736.578916
-3736.578948
-3736.578852
-3736.57888
-3736.578856
-3736.57886
-3736.578904
-3736.578836
-3736.57864
-3736.578592
-3736.578612
-3736.57866
-3736.578788
-3736.578944
-3736.578896
-3736.5788
-3736.578908
-3736.578832
-3736.578836
-3736.578908
-3736.578992
-3736.57914
-3736.579304
-3736.579388
-3736.579496
-3736.579596
-3736.579584
-3736.5795
-3736.579436
-3736.579384
-3736.579512
-3736.579544
-3736.57948
-3736.579412
-3736.579368
-3736.579572
-3736.579624
-3736.57954
-3736.579336
-3736.5792
-3736.579184
-3736.579128
-3736.579044
-3736.579188
-3736.579288
-3736.579304
-3736.579328
-3736.579432
-3736.579452
-3736.579468
-3736.579572
-3736.57952
-3736.579672
-3736.579504
-3736.579516
-3736.579636
-3736.5797
-3736.579748
-3736.579848
-3736.579968
-3736.580072
-3736.580236
-3736.580156
-3736.580156
-3736.580068
-3736.580044
-3736.58002
-3736.58014
-3736.58014
-3736.580284
-3736.580244
-3736.580152
-3736.58024
-3736.58028
-3736.580452
-3736.58042
-3736.580564
-3736.580396
-3736.580504
-3736.580536
-3736.580476
-3736.5806
-3736.580632
-3736.58072
-3736.580844
-3736.580872
-3736.58076
-3736.580684
-3736.580756
-3736.580716
-3736.580796
-3736.580792
-3736.580572
-3736.580508
-3736.580392
-3736.580308
-3736.580144
-3736.580176
-3736.580216
-3736.580312
-3736.580352
-3736.58028
-3736.580308
-3736.580364
-3736.580392
-3736.580292
-3736.580152
-3736.580304
-3736.5803
-3736.58048
-3736.58074
-3736.580856
-3736.581032
-3736.581008
-3736.580964
-3736.580756
-3736.580688
-3736.580556
-3736.580528
-3736.580624
-3736.580692
-3736.580616
-3736.58048
-3736.580508
-3736.580624
-3736.580676
-3736.580608
-3736.580708
-3736.580632
-3736.580612
-3736.580616
-3736.580672
-3736.580632
-3736.580776
-3736.580784
-3736.580804
-3736.58102
-3736.58104
-3736.581008
-3736.58088
-3736.58082
-3736.580808
-3736.580808
-3736.580792
-3736.580804
-3736.580704
-3736.580684
-3736.58064
-3736.58058
-3736.580644
-3736.580648
-3736.58072
-3736.580776
-3736.58076
-3736.5807
-3736.580772
-3736.580752
-3736.580716
-3736.580676
-3736.580728
-3736.580724
-3736.580812
-3736.580728
-3736.580764
-3736.58062
-3736.58058
-3736.580524
-3736.58064
-3736.58074
-3736.580876
-3736.58076
-3736.58076
-3736.580752
-3736.580744
-3736.580724
-3736.580652
-3736.580636
-3736.58068
-3736.580524
-3736.58056
-3736.580452
-3736.580436
-3736.580432
-3736.580356
-3736.580256
-3736.580312
-3736.580228
-3736.580272
-3736.580272
-3736.580264
-3736.5803
-3736.580316
-3736.58046
-3736.580332
-3736.580352
-3736.580292
-3736.580376
-3736.580376
-3736.580372
-3736.580272
-3736.580224
-3736.580364
-3736.580364
-3736.580408
-3736.580324
-3736.580432
-3736.580236
-3736.580156
-3736.580224
-3736.580144
-3736.580276
-3736.580152
-3736.580096
-3736.579996
-3736.579968
-3736.57998
-3736.57996
-3736.579864
-3736.57994
-3736.580036
-3736.5801
-3736.580072
-3736.580144
-3736.580152
-3736.580044
-3736.580076
-3736.57998
-3736.57996
-3736.579972
-3736.579948
-3736.580012
-3736.58006
-3736.579936
-3736.579928
-3736.579828
-3736.579808
-3736.579876
-3736.579756
-3736.579844
-3736.57984
-3736.57994
-3736.579964
-3736.579884
-3736.579872
-3736.579804
-3736.579844
-3736.579896
-3736.5799
-3736.579816
-3736.579792
-3736.579724
-3736.579704
-3736.579684
-3736.579648
-3736.57952
-3736.579736
-3736.579764
-3736.579828
-3736.579912
-3736.579876
-3736.579772
-3736.57974
-3736.579724
-3736.579888
-3736.5799
-3736.579768
-3736.579924
-3736.579928
-3736.580004
-3736.57996
-3736.579948
-3736.579856
-3736.579872
-3736.579856
-3736.579848
-3736.579752
-3736.579732
-3736.579572
-3736.579628
-3736.579512
-3736.579508
-3736.579404
-3736.579372
-3736.579428
-3736.579484
-3736.579384
-3736.579268
-3736.579096
-3736.579032
-3736.578924
-3736.578804
-3736.578816
-3736.578892
-3736.578924
-3736.578932
-3736.578872
-3736.57874
-3736.578852
-3736.578692
-3736.578512
-3736.578512
-3736.578368
-3736.578336
-3736.578236
-3736.578292
-3736.578224
-3736.578204
-3736.5783
-3736.578288
-3736.578148
-3736.578032
-3736.578012
-3736.577996
-3736.577948
-3736.57786
-3736.577992
-3736.578068
-3736.578
-3736.577888
-3736.577984
-3736.578012
-3736.57806
-3736.577952
-3736.578052
-3736.57822
-3736.5782
-3736.578256
-3736.578276
-3736.578188
-3736.57808
-3736.577936
-3736.577956
-3736.57788
-3736.57794
-3736.577884
-3736.578028
-3736.578012
-3736.57796
-3736.578044
-3736.578156
-3736.578172
-3736.578136
-3736.57814
-3736.57814
-3736.578132
-3736.577996
-3736.57794
-3736.577824
-3736.577792
-3736.5778
-3736.577832
-3736.577796
-3736.57764
-3736.577588
-3736.577604
-3736.577672
-3736.577548
-3736.577388
-3736.577428
-3736.5773
-3736.577284
-3736.577444
-3736.577604
-3736.577648
-3736.577648
-3736.577604
-3736.577764
-3736.577784
-3736.577712
-3736.577612
-3736.577556
-3736.577536
-3736.577432
-3736.577352
-3736.577316
-3736.577408
-3736.57736
-3736.577284
-3736.577136
-3736.577124
-3736.577256
-3736.577168
-3736.57722
-3736.577304
-3736.577328
-3736.577296
-3736.577184
-3736.577112
-3736.577188
-3736.577232
-3736.577356
-3736.577244
-3736.577168
-3736.577152
-3736.577036
-3736.577052
-3736.57712
-3736.576972
-3736.577144
-3736.57714
-3736.577244
-3736.577236
-3736.577384
-3736.577388
-3736.577312
-3736.577388
-3736.577536
-3736.57768
-3736.577828
-3736.577812
-3736.577768
-3736.57792
-3736.577896
-3736.57778
-3736.577844
-3736.577808
-3736.5778
-3736.57776
-3736.577792
-3736.577812
-3736.577784
-3736.577796
-3736.577684
-3736.57776
-3736.577632
-3736.577456
-3736.577288
-3736.5773
-3736.577312
-3736.577148
-3736.577128
-3736.576944
-3736.576924
-3736.577036
-3736.576844
-3736.57682
-3736.576844
-3736.5768
-3736.576712
-3736.576728
-3736.576668
-3736.576776
-3736.576764
-3736.576692
-3736.576768
-3736.5768
-3736.576852
-3736.576784
-3736.576832
-3736.576916
-3736.576868
-3736.576808
-3736.576692
-3736.576652
-3736.576656
-3736.5767
-3736.576608
-3736.576832
-3736.576896
-3736.57684
-3736.576988
-3736.576932
-3736.57682
-3736.576912
-3736.576988
-3736.577104
-3736.577048
-3736.577132
-3736.577068
-3736.577036
-3736.576948
-3736.576952
-3736.577008
-3736.577084
-3736.577144
-3736.577232
-3736.577252
-3736.577328
-3736.577296
-3736.57736
-3736.577364
-3736.577228
-3736.57736
-3736.577308
-3736.577364
-3736.577356
-3736.577352
-3736.57736
-3736.577352
-3736.577356
-3736.57764
-3736.577672
-3736.577724
-3736.577672
-3736.577696
-3736.577676
-3736.577572
-3736.57762
-3736.577596
-3736.577612
-3736.577692
-3736.577616
-3736.577596
-3736.577524
-3736.577308
-3736.577348
-3736.577464
-3736.577588
-3736.57766
-3736.577784
-3736.5779
-3736.577888
-3736.577904
-3736.577996
-3736.578072
-3736.578004
-3736.57818
-3736.578072
-3736.578124
-3736.578092
-3736.578084
-3736.578076
-3736.578244
-3736.57814
-3736.578168
-3736.57824
-3736.578216
-3736.57818
-3736.578244
-3736.57842
-3736.57836
-3736.578444
-3736.578404
-3736.578252
-3736.5782
-3736.578196
-3736.578208
-3736.578292
-3736.578308
-3736.578244
-3736.578316
-3736.578368
-3736.578236
-3736.578072
-3736.578092
-3736.578188
-3736.578388
-3736.578384
-3736.578296
-3736.578344
-3736.578268
-3736.57822
-3736.57832
-3736.578172
-3736.578244
-3736.578292
-3736.578196
-3736.578156
-3736.57832
-3736.578288
-3736.578352
-3736.57828
-3736.578316
-3736.578196
-3736.578152
-3736.578416
-3736.578276
-3736.578232
-3736.578292
-3736.578316
-3736.57826
-3736.578304
-3736.578244
-3736.578176
-3736.578068
-3736.578072
-3736.577984
-3736.577912
-3736.577988
-3736.57796
-3736.577896
-3736.577812
-3736.577808
-3736.577844
-3736.577772
-3736.577796
-3736.577892
-3736.57786
-3736.577916
-3736.577904
-3736.57768
-3736.577436
-3736.577424
-3736.577368
-3736.577256
-3736.577252
-3736.5772
-3736.577296
-3736.577192
-3736.577176
-3736.577316
-3736.577348
-3736.577352
-3736.577416
-3736.577404
-3736.577384
-3736.577384
-3736.577252
-3736.577352
-3736.57736
-3736.57762
-3736.57776
-3736.577772
-3736.57762
-3736.577544
-3736.577524
-3736.577408
-3736.577384
-3736.577404
-3736.577288
-3736.57718
-3736.577224
-3736.577084
-3736.577052
-3736.577104
-3736.577032
-3736.577052
-3736.577152
-3736.577068
-3736.577088
-3736.577132
-3736.577304
-3736.577284
-3736.577228
-3736.577316
-3736.577364
-3736.57734
-3736.577296
-3736.577296
-3736.577192
-3736.577144
-3736.577056
-3736.576936
-3736.576948
-3736.576904
-3736.576924
-3736.5768
-3736.576832
-3736.576816
-3736.576904
-3736.576972
-3736.577164
-3736.57714
-3736.577208
-3736.577172
-3736.577144
-3736.577236
-3736.57732
-3736.577272
-3736.577208
-3736.57716
-3736.577044
-3736.577228
-3736.577252
-3736.577152
-3736.577168
-3736.5772
-3736.577116
-3736.577156
-3736.577304
-3736.577292
-3736.57704
-3736.57692
-3736.576936
-3736.576876
-3736.57676
-3736.57692
-3736.57678
-3736.576808
-3736.57674
-3736.576644
-3736.57668
-3736.576664
-3736.576676
-3736.57668
-3736.576656
-3736.576504
-3736.576504
-3736.576596
-3736.576588
-3736.57652
-3736.576676
-3736.57658
-3736.57672
-3736.576856
-3736.57678
-3736.576656
-3736.576716
-3736.576644
-3736.576684
-3736.57664
-3736.57674
-3736.576668
-3736.57676
-3736.576676
-3736.576664
-3736.576704
-3736.576628
-3736.57664
-3736.576496
-3736.576568
-3736.576632
-3736.5768
-3736.576752
-3736.576744
-3736.576772
-3736.576816
-3736.576924
-3736.576924
-3736.576788
-3736.576928
-3736.57686
-3736.576964
-3736.577076
-3736.576944
-3736.576876
-3736.576908
-3736.576996
-3736.576924
-3736.57702
-3736.57688
-3736.576824
-3736.576688
-3736.576576
-3736.576624
-3736.576488
-3736.57654
-3736.576472
-3736.576524
-3736.576476
-3736.576404
-3736.576396
-3736.576312
-3736.576356
-3736.57644
-3736.57624
-3736.57626
-3736.576232
-3736.576048
-3736.575996
-3736.575964
-3736.575912
-3736.575856
-3736.575892
-3736.575832
-3736.575788
-3736.575568
-3736.575444
-3736.575428
-3736.575412
-3736.5754
-3736.575388
-3736.575456
-3736.575356
-3736.57534
-3736.575316
-3736.575444
-3736.575608
-3736.575548
-3736.575484
-3736.575568
-3736.575592
-3736.575564
-3736.57566
-3736.575648
-3736.575528
-3736.57546
-3736.575344
-3736.575336
-3736.575292
-3736.575224
-3736.575164
-3736.575236
-3736.57532
-3736.575212
-3736.575316
-3736.575304
-3736.575216
-3736.575256
-3736.575296
-3736.575432
-3736.575452
-3736.575436
-3736.5755
-3736.575412
-3736.575472
-3736.575296
-3736.575292
-3736.575164
-3736.57518
-3736.575136
-3736.57522
-3736.575248
-3736.575196
-3736.575164
-3736.575228
-3736.575228
-3736.575156
-3736.5752
-3736.575044
-3736.575016
-3736.575032
-3736.57494
-3736.5749
-3736.57488
-3736.574864
-3736.57488
-3736.574948
-3736.574828
-3736.574936
-3736.574988
-3736.574928
-3736.574928
-3736.575104
-3736.575088
-3736.57504
-3736.574992
-3736.574936
-3736.574948
-3736.574948
-3736.57484
-3736.574864
-3736.574852
-3736.574896
-3736.574828
-3736.574916
-3736.575028
-3736.574856
-3736.574776
-3736.574724
-3736.574708
-3736.5748
-3736.574816
-3736.574884
-3736.574936
-3736.574968
-3736.574944
-3736.574804
-3736.574736
-3736.574696
-3736.574576
-3736.574628
-3736.574636
-3736.57454
-3736.57464
-3736.57468
-3736.574796
-3736.574832
-3736.57482
-3736.574872
-3736.57482
-3736.574748
-3736.574684
-3736.574676
-3736.574656
-3736.574656
-3736.574688
-3736.574792
-3736.57474
-3736.574592
-3736.574492
-3736.574536
-3736.57448
-3736.57446
-3736.574436
-3736.574412
-3736.574396
-3736.574608
-3736.574572
-3736.57468
-3736.574636
-3736.574544
-3736.5746
-3736.574568
-3736.574548
-3736.574508
-3736.574488
-3736.574544
-3736.574528
-3736.574496
-3736.574476
-3736.574472
-3736.57444
-3736.574356
-3736.574328
-3736.574388
-3736.574424
-3736.574432
-3736.574432
-3736.574412
-3736.574264
-3736.574348
-3736.574324
-3736.574288
-3736.574236
-3736.574192
-3736.574248
-3736.574244
-3736.574252
-3736.574372
-3736.574492
-3736.574636
-3736.5746
-3736.57456
-3736.574532
-3736.574436
-3736.574448
-3736.574444
-3736.574396
-3736.574348
-3736.57428
-3736.57422
-3736.57428
-3736.574304
-3736.5744
-3736.57434
-3736.574244
-3736.57432
-3736.574356
-3736.574364
-3736.57434
-3736.574308
-3736.574256
-3736.574348
-3736.574376
-3736.574404
-3736.57434
-3736.574328
-3736.574216
-3736.5742
-3736.574272
-3736.5742
-3736.574064
-3736.574168
-3736.574152
-3736.574172
-3736.574104
-3736.57402
-3736.574096
-3736.574
-3736.574076
-3736.57404
-3736.57408
-3736.57402
-3736.574068
-3736.57412
-3736.57414
-3736.574232
-3736.57416
-3736.574384
-3736.574412
-3736.574288
-3736.574412
-3736.574396
-3736.574396
-3736.574424
-3736.574544
-3736.574684
-3736.57456
-3736.574364
-3736.57434
-3736.574476
-3736.574476
-3736.574652
-3736.574696
-3736.57472
-3736.574696
-3736.574836
-3736.574884
-3736.574876
-3736.574848
-3736.574892
-3736.57498
-3736.574876
-3736.574844
-3736.574916
-3736.574944
-3736.574928
-3736.5749
-3736.574976
-3736.57492
-3736.574968
-3736.57502
-3736.575036
-3736.574924
-3736.574988
-3736.57492
-3736.574828
-3736.574832
-3736.574744
-3736.574752
-3736.574756
-3736.57464
-3736.574592
-3736.574556
-3736.574552
-3736.574604
-3736.574732
-3736.574816
-3736.574712
-3736.574752
-3736.574828
-3736.574832
-3736.574896
-3736.574844
-3736.574944
-3736.57486
-3736.57486
-3736.574796
-3736.574812
-3736.57488
-3736.574776
-3736.574824
-3736.574752
-3736.574756
-3736.57478
-3736.57466
-3736.574696
-3736.574692
-3736.574648
-3736.57476
-3736.574784
-3736.574792
-3736.574796
-3736.574848
-3736.57482
-3736.574892
-3736.574932
-3736.57498
-3736.574964
-3736.574972
-3736.574952
-3736.574928
-3736.575048
-3736.575148
-3736.575136
-3736.575132
-3736.575024
-3736.57504
-3736.57506
-3736.574916
-3736.57492
-3736.574916
-3736.5749
-3736.575064
-3736.575116
-3736.575072
-3736.57506
-3736.574984
-3736.575188
-3736.575168
-3736.575068
-3736.575064
-3736.575096
-3736.574984
-3736.575016
-3736.575032
-3736.575024
-3736.575028
-3736.575184
-3736.575112
-3736.57518
-3736.575224
-3736.575356
-3736.575316
-3736.575356
-3736.575376
-3736.5754
-3736.57544
-3736.57552
-3736.575564
-3736.575644
-3736.575808
-3736.575724
-3736.575844
-3736.575792
-3736.575712
-3736.575676
-3736.575744
-3736.575652
-3736.575544
-3736.575448
-3736.575332
-3736.575384
-3736.575432
-3736.575508
-3736.575584
-3736.5755
-3736.575504
-3736.575548
-3736.57544
-3736.57538
-3736.5753
-3736.575076
-3736.575068
-3736.575128
-3736.575324
-3736.57522
-3736.575144
-3736.575092
-3736.575212
-3736.575288
-3736.575256
-3736.575252
-3736.57536
-3736.575228
-3736.575224
-3736.575228
-3736.575136
-3736.575044
-3736.575056
-3736.575104
-3736.57512
-3736.575108
-3736.575268
-3736.575352
-3736.575384
-3736.575412
-3736.575436
-3736.575408
-3736.575436
-3736.575368
-3736.575264
-3736.575164
-3736.575064
-3736.575088
-3736.575204
-3736.575184
-3736.575304
-3736.575388
-3736.5753
-3736.575288
-3736.575308
-3736.575308
-3736.575388
-3736.575312
-3736.575172
-3736.57518
-3736.575308
-3736.575308
-3736.575348
-3736.575276
-3736.575276
-3736.57524
-3736.575228
-3736.575364
-3736.57552
-3736.575564
-3736.575504
-3736.57544
-3736.575448
-3736.5754
-3736.57546
-3736.575492
-3736.575492
-3736.575596
-3736.57568
-3736.57558
-3736.575688
-3736.57572
-3736.575772
-3736.575788
-3736.575844
-3736.576072
-3736.575976
-3736.576036
-3736.576176
-3736.576148
-3736.576172
-3736.576092
-3736.576096
-3736.576028
-3736.575988
-3736.5761
-3736.576084
-3736.57612
-3736.57604
-3736.575972
-3736.576036
-3736.57608
-3736.576108
-3736.57604
-3736.576068
-3736.57608
-3736.576128
-3736.57616
-3736.57624
-3736.576172
-3736.576168
-3736.576244
-3736.576288
-3736.576292
-3736.576372
-3736.576484
-3736.5765
-3736.5765
-3736.576596
-3736.576632
-3736.576412
-3736.576332
-3736.576232
-3736.576364
-3736.576372
-3736.576416
-3736.576408
-3736.57628
-3736.576412
-3736.57646
-3736.576456
-3736.576684
-3736.57674
-3736.576808
-3736.576784
-3736.576868
-3736.576896
-3736.57704
-3736.577064
-3736.577012
-3736.577056
-3736.576964
-3736.577028
-3736.577108
-3736.57722
-3736.577284
-3736.577384
-3736.577468
-3736.57734
-3736.577288
-3736.577356
-3736.577304
-3736.577156
-3736.577072
-3736.57726
-3736.577312
-3736.577184
-3736.577232
-3736.577092
-3736.577148
-3736.577128
-3736.577124
-3736.576936
-3736.576936
-3736.576856
-3736.577168
-3736.577268
-3736.577152
-3736.576996
-3736.57698
-3736.576984
-3736.576984
-3736.577092
-3736.577104
-3736.577216
-3736.577128
-3736.57716
-3736.5772
-3736.577272
-3736.577368
-3736.577296
-3736.577384
-3736.57726
-3736.577304
-3736.577228
-3736.577188
-3736.57716
-3736.577076
-3736.576948
-3736.57696
-3736.577
-3736.57694
-3736.577
-3736.576852
-3736.576824
-3736.576872
-3736.576784
-3736.576856
-3736.576992
-3736.577024
-3736.577052
-3736.577016
-3736.576884
-3736.577008
-3736.576968
-3736.576772
-3736.576744
-3736.576736
-3736.576724
-3736.576804
-3736.5767
-3736.576712
-3736.576652
-3736.576656
-3736.576728
-3736.57678
-3736.576796
-3736.576824
-3736.576796
-3736.576716
-3736.576764
-3736.576804
-3736.576884
-3736.57688
-3736.577
-3736.576832
-3736.576724
-3736.576804
-3736.576732
-3736.576716
-3736.5768
-3736.576776
-3736.57676
-3736.576812
-3736.576668
-3736.576784
-3736.576868
-3736.576928
-3736.57712
-3736.577052
-3736.577064
-3736.57702
-3736.577136
-3736.577156
-3736.57714
-3736.577224
-3736.577228
-3736.577136
-3736.577168
-3736.577252
-3736.577196
-3736.577096
-3736.577136
-3736.577188
-3736.577204
-3736.577228
-3736.577288
-3736.577432
-3736.577476
-3736.577532
-3736.577548
-3736.577612
-3736.577508
-3736.577544
-3736.57754
-3736.577584
-3736.577636
-3736.577576
-3736.577528
-3736.577496
-3736.577612
-3736.57758
-3736.577532
-3736.577576
-3736.577508
-3736.577624
-3736.5775
-3736.577448
-3736.577528
-3736.577424
-3736.577368
-3736.577416
-3736.577396
-3736.577372
-3736.577308
-3736.5775
-3736.577496
-3736.577604
-3736.577772
-3736.577824
-3736.577916
-3736.578176
-3736.57822
-3736.578264
-3736.578204
-3736.578188
-3736.578012
-3736.577932
-3736.577844
-3736.577948
-3736.578064
-3736.578156
-3736.578144
-3736.578048
-3736.578032
-3736.578096
-3736.577992
-3736.578072
-3736.578208
-3736.57816
-3736.57806
-3736.57804
-3736.578228
-3736.578336
-3736.578256
-3736.578268
-3736.578204
-3736.578184
-3736.578008
-3736.578016
-3736.57808
-3736.578104
-3736.578272
-3736.578172
-3736.578208
-3736.578192
-3736.578208
-3736.578236
-3736.57842
-3736.578428
-3736.578468
-3736.57846
-3736.578544
-3736.57846
-3736.578632
-3736.578588
-3736.578808
-3736.578772
-3736.578572
-3736.578516
-3736.578372
-3736.57824
-3736.578244
-3736.578212
-3736.578196
-3736.578212
-3736.57818
-3736.578104
-3736.57802
-3736.577924
-3736.577924
-3736.578008
-3736.5781
-3736.578068
-3736.578044
-3736.578064
-3736.578016
-3736.578128
-3736.578184
-3736.578272
-3736.57834
-3736.578284
-3736.57828
-3736.578296
-3736.578144
-3736.578204
-3736.57824
-3736.578312
-3736.578392
-3736.578572
-3736.578584
-3736.578608
-3736.5785
-3736.578464
-3736.578384
-3736.578376
-3736.578424
-3736.578352
-3736.57844
-3736.578432
-3736.578468
-3736.578372
-3736.578292
-3736.578264
-3736.5782
-3736.578232
-3736.578236
-3736.578116
-3736.578044
-3736.57806
-3736.577968
-3736.577976
-3736.577852
-3736.577688
-3736.577664
-3736.577712
-3736.577676
-3736.577684
-3736.577664
-3736.57776
-3736.577768
-3736.577772
-3736.577672
-3736.577592
-3736.57768
-3736.577764
-3736.577812
-3736.577704
-3736.577668
-3736.57772
-3736.577836
-3736.577812
-3736.577856
-3736.57784
-3736.577804
-3736.577732
-3736.577848
-3736.57776
-3736.577648
-3736.5775
-3736.577556
-3736.577492
-3736.57766
-3736.577668
-3736.577632
-3736.577696
-3736.577652
-3736.57764
-3736.577736
-3736.577684
-3736.57766
-3736.577552
-3736.57752
-3736.57752
-3736.577656
-3736.577628
-3736.577556
-3736.5775
-3736.57754
-3736.577508
-3736.577532
-3736.577588
-3736.577516
-3736.577488
-3736.577404
-3736.577424
-3736.577456
-3736.577556
-3736.577568
-3736.577544
-3736.577588
-3736.5775
-3736.57742
-3736.577396
-3736.577476
-3736.5777
-3736.577564
-3736.577572
-3736.577532
-3736.577604
-3736.577656
-3736.577708
-3736.577536
-3736.577496
-3736.57756
-3736.577564
-3736.577412
-3736.577444
-3736.577484
-3736.577412
-3736.577416
-3736.577356
-3736.577548
-3736.577604
-3736.577692
-3736.577664
-3736.57764
-3736.577564
-3736.577664
-3736.5777
-3736.577608
-3736.577628
-3736.577516
-3736.577504
-3736.577552
-3736.577452
-3736.577432
-3736.577348
-3736.577404
-3736.577412
-3736.577416
-3736.57742
-3736.577548
-3736.577436
-3736.577408
-3736.577472
-3736.577528
-3736.577492
-3736.577368
-3736.577364
-3736.577544
-3736.577576
-3736.577676
-3736.577584
-3736.577596
-3736.57768
-3736.577688
-3736.5777
-3736.577772
-3736.577652
-3736.577828
-3736.577956
-3736.577948
-3736.577888
-3736.577964
-3736.577848
-3736.578056
-3736.577996
-3736.577944
-3736.577904
-3736.577836
-3736.577744
-3736.577756
-3736.57768
-3736.577656
-3736.577656
-3736.577612
-3736.577508
-3736.577516
-3736.577456
-3736.577456
-3736.577432
-3736.57748
-3736.577516
-3736.57754
-3736.577372
-3736.577388
-3736.577396
-3736.577588
-3736.577552
-3736.577736
-3736.577856
-3736.5779
-3736.577908
-3736.578012
-3736.578148
-3736.578224
-3736.57824
-3736.578148
-3736.578096
-3736.578248
-3736.578352
-3736.5784
-3736.578432
-3736.578396
-3736.578316
-3736.578368
-3736.57828
-3736.578376
-3736.57842
-3736.578376
-3736.578464
-3736.578412
-3736.57824
-3736.578396
-3736.578404
-3736.578364
-3736.578456
-3736.578472
-3736.578408
-3736.578476
-3736.578404
-3736.578428
-3736.578404
-3736.578316
-3736.578472
-3736.578576
-3736.578716
-3736.578848
-3736.57884
-3736.578972
-3736.578944
-3736.578804
-3736.578716
-3736.578816
-3736.578736
-3736.578884
-3736.579032
-3736.57894
-3736.578864
-3736.5789
-3736.578848
-3736.57886
-3736.578672
-3736.578552
-3736.578468
-3736.57852
-3736.57842
-3736.578484
-3736.578428
-3736.578448
-3736.578512
-3736.578524
-3736.578452
-3736.578392
-3736.578396
-3736.578372
-3736.578244
-3736.578404
-3736.578396
-3736.578364
-3736.578356
-3736.578268
-3736.578108
-3736.578124
-3736.578116
-3736.578232
-3736.578108
-3736.578096
-3736.578096
-3736.578124
-3736.578052
-3736.577992
-3736.5779
-3736.578052
-3736.578132
-3736.578092
-3736.578064
-3736.578096
-3736.577984
-3736.578008
-3736.577928
-3736.578004
-3736.5778
-3736.577944
-3736.577884
-3736.577628
-3736.577736
-3736.577608
-3736.577592
-3736.577532
-3736.57746
-3736.57746
-3736.577336
-3736.577216
-3736.577336
-3736.57742
-3736.57752
-3736.57758
-3736.577568
-3736.57758
-3736.577636
-3736.577604
-3736.577788
-3736.577828
-3736.577832
-3736.577876
-3736.577892
-3736.577816
-3736.57796
-3736.577912
-3736.577936
-3736.577704
-3736.577728
-3736.577732
-3736.577644
-3736.577656
-3736.5776
-3736.577616
-3736.577748
-3736.577788
-3736.577736
-3736.57776
-3736.577716
-3736.577812
-3736.577884
-3736.57782
-3736.57802
-3736.57792
-3736.577996
-3736.578028
-3736.577916
-3736.577848
-3736.577908
-3736.57782
-3736.577692
-3736.577672
-3736.57754
-3736.577556
-3736.577544
-3736.577436
-3736.577624
-3736.577592
-3736.577572
-3736.57758
-3736.577696
-3736.577712
-3736.577604
-3736.57774
-3736.577636
-3736.577572
-3736.577444
-3736.577268
-3736.577236
-3736.577272
-3736.577388
-3736.577328
-3736.57746
-3736.577444
-3736.5775
-3736.577364
-3736.577416
-3736.577516
-3736.57754
-3736.577484
-3736.57756
-3736.577628
-3736.577696
-3736.577708
-3736.577488
-3736.577536
-3736.57754
-3736.577588
-3736.577516
-3736.57736
-3736.57742
-3736.577336
-3736.577376
-3736.57738
-3736.577456
-3736.577544
-3736.577572
-3736.577552
-3736.577592
-3736.577552
-3736.577596
-3736.577592
-3736.577548
-3736.577572
-3736.577628
-3736.577472
-3736.577456
-3736.577448
-3736.577436
-3736.577392
-3736.57742
-3736.577372
-3736.57734
-3736.57716
-3736.577236
-3736.57708
-3736.577092
-3736.577288
-3736.577252
-3736.577228
-3736.57728
-3736.577196
-3736.577212
-3736.577168
-3736.577244
-3736.577208
-3736.5772
-3736.577176
-3736.577128
-3736.577304
-3736.577248
-3736.577336
-3736.57726
-3736.57732
-3736.577368
-3736.577356
-3736.577376
-3736.577412
-3736.577248
-3736.5773
-3736.5773
-3736.57742
-3736.577496
-3736.57748
-3736.57752
-3736.577516
-3736.577516
-3736.577488
-3736.577408
-3736.577436
-3736.577472
-3736.57746
-3736.577388
-3736.577432
-3736.577436
-3736.577604
-3736.577792
-3736.577744
-3736.577756
-3736.577784
-3736.577896
-3736.577876
-3736.577836
-3736.57788
-3736.577924
-3736.577852
-3736.57788
-3736.577896
-3736.577996
-3736.577952
-3736.578
-3736.578024
-3736.577968
-3736.577928
-3736.577932
-3736.577868
-3736.577884
-3736.57792
-3736.577804
-3736.577976
-3736.57782
-3736.577916
-3736.577936
-3736.577864
-3736.578008
-3736.577916
-3736.577888
-3736.577904
-3736.577816
-3736.577732
-3736.57788
-3736.577916
-3736.577852
-3736.577844
-3736.578036
-3736.57804
-3736.57788
-3736.577872
-3736.577804
-3736.57776
-3736.577872
-3736.57792
-3736.577816
-3736.577908
-3736.577932
-3736.577912
-3736.578032
-3736.578172
-3736.57834
-3736.578372
-3736.578336
-3736.578408
-3736.578388
-3736.57832
-3736.578272
-3736.578252
-3736.578292
-3736.578356
-3736.578292
-3736.578284
-3736.578288
-3736.578368
-3736.578508
-3736.5785
-3736.578552
-3736.578596
-3736.57872
-3736.57892
-3736.579004
-3736.579056
-3736.579164
-3736.5791
-3736.578892
-3736.578876
-3736.578988
-3736.578868
-3736.578832
-3736.578928
-3736.578776
-3736.57882
-3736.578824
-3736.578808
-3736.578864
-3736.578848
-3736.578832
-3736.578772
-3736.57872
-3736.578748
-3736.578796
-3736.57896
-3736.578832
-3736.578804
-3736.578812
-3736.57892
-3736.57888
-3736.578768
-3736.578812
-3736.578836
-3736.578748
-3736.578732
-3736.578756
-3736.578644
-3736.578664
-3736.578772
-3736.57876
-3736.5787
-3736.578792
-3736.57882
-3736.578804
-3736.57864
-3736.578636
-3736.578748
-3736.578704
-3736.578656
-3736.578652
-3736.578648
-3736.57866
-3736.57876
-3736.578956
-3736.578976
-3736.5789
-3736.57874
-3736.578692
-3736.578608
-3736.578596
-3736.578812
-3736.5789
-3736.578792
-3736.578812
-3736.578796
-3736.578892
-3736.578836
-3736.578932
-3736.578924
-3736.578864
-3736.578932
-3736.578924
-3736.578936
-3736.578856
-3736.578784
-3736.57884
-3736.578968
-3736.57896
-3736.578928
-3736.578944
-3736.578892
-3736.57894
-3736.578788
-3736.57868
-3736.578596
-3736.578732
-3736.5786
-3736.57846
-3736.578432
-3736.578512
-3736.578508
-3736.578428
-3736.578472
-3736.578448
-3736.57854
-3736.578496
-3736.57852
-3736.578612
-3736.578712
-3736.578712
-3736.578756
-3736.578808
-3736.578728
-3736.578688
-3736.578632
-3736.57866
-3736.57864
-3736.578336
-3736.5783
-3736.57824
-3736.578132
-3736.578124
-3736.578144
-3736.57818
-3736.578256
-3736.578324
-3736.578388
-3736.578368
-3736.578308
-3736.578268
-3736.578272
-3736.578388
-3736.578392
-3736.578264
-3736.578252
-3736.578184
-3736.578084
-3736.577956
-3736.57802
-3736.57804
-3736.578016
-3736.577964
-3736.578024
-3736.57806
-3736.578044
-3736.578112
-3736.578048
-3736.577968
-3736.577976
-3736.578032
-3736.577904
-3736.578064
-3736.578172
-3736.578172
-3736.578212
-3736.578144
-3736.578248
-3736.57818
-3736.578148
-3736.578176
-3736.578104
-3736.578092
-3736.578052
-3736.578188
-3736.578128
-3736.578032
-3736.578144
-3736.578056
-3736.578124
-3736.578076
-3736.577912
-3736.577872
-3736.577876
-3736.577876
-3736.57786
-3736.577776
-3736.577708
-3736.577812
-3736.57784
-3736.578
-3736.577884
-3736.577904
-3736.577704
-3736.577516
-3736.577636
-3736.577688
-3736.577768
-3736.577708
-3736.577648
-3736.577644
-3736.577568
-3736.577484
-3736.577432
-3736.577436
-3736.577344
-3736.57732
-3736.577408
-3736.577292
-3736.57728
-3736.577456
-3736.57748
-3736.577624
-3736.577608
-3736.577464
-3736.577516
-3736.577504
-3736.577496
-3736.577516
-3736.577612
-3736.5776
-3736.577476
-3736.57746
-3736.577452
-3736.5775
-3736.577464
-3736.577552
-3736.577576
-3736.57754
-3736.577508
-3736.57748
-3736.577468
-3736.577532
-3736.577496
-3736.57764
-3736.577756
-3736.577764
-3736.577792
-3736.577724
-3736.577672
-3736.577704
-3736.577716
-3736.577796
-3736.577856
-3736.577836
-3736.577972
-3736.577928
-3736.577856
-3736.577724
-3736.577756
-3736.577776
-3736.577676
-3736.577632
-3736.577612
-3736.577728
-3736.577644
-3736.577672
-3736.577792
-3736.577744
-3736.57776
-3736.577772
-3736.577796
-3736.577956
-3736.578084
-3736.578032
-3736.577872
-3736.577864
-3736.57776
-3736.577896
-3736.577944
-3736.577848
-3736.577776
-3736.577916
-3736.578032
-3736.578128
-3736.578236
-3736.57836
-3736.578316
-3736.578468
-3736.578504
-3736.578436
-3736.578444
-3736.578536
-3736.578364
-3736.57828
-3736.578408
-3736.578388
-3736.578452
-3736.578496
-3736.578484
-3736.578508
-3736.578452
-3736.57852
-3736.578604
-3736.57856
-3736.578572
-3736.578436
-3736.57836
-3736.57828
-3736.57818
-3736.578244
-3736.578296
-3736.578212
-3736.578196
-3736.578184
-3736.57836
-3736.578328
-3736.5784
-3736.57828
-3736.57808
-3736.57802
-3736.577904
-3736.577876
-3736.57788
-3736.577768
-3736.577932
-3736.577928
-3736.577896
-3736.577792
-3736.577752
-3736.577764
-3736.577784
-3736.577688
-3736.577676
-3736.577596
-3736.577452
-3736.577292
-3736.577368
-3736.577372
-3736.577264
-3736.577248
-3736.5773
-3736.577144
-3736.577216
-3736.577236
-3736.577284
-3736.577172
-3736.577124
-3736.577164
-3736.577072
-3736.577004
-3736.577092
-3736.577008
-3736.577028
-3736.57694
-3736.576988
-3736.577056
-3736.577232
-3736.577288
-3736.577268
-3736.577268
-3736.57728
-3736.577356
-3736.577336
-3736.577424
-3736.577428
-3736.577388
-3736.577348
-3736.577236
-3736.577244
-3736.57722
-3736.57716
-3736.577168
-3736.577288
-3736.577136
-3736.577296
-3736.577284
-3736.577308
-3736.577304
-3736.577332
-3736.577372
-3736.577324
-3736.577252
-3736.577232
-3736.577012
-3736.577084
-3736.57712
-3736.57708
-3736.577168
-3736.577144
-3736.57708
-3736.57704
-3736.576968
-3736.577
-3736.576944
-3736.576972
-3736.576948
-3736.57694
-3736.576868
-3736.5769
-3736.576956
-3736.576956
-3736.577016
-3736.576984
-3736.576876
-3736.57686
-3736.577
-3736.57698
-3736.57698
-3736.576904
-3736.576752
-3736.576616
-3736.576596
-3736.576612
-3736.57664
-3736.57654
-3736.576456
-3736.576428
-3736.576504
-3736.576544
-3736.576628
-3736.576676
-3736.576544
-3736.576508
-3736.576456
-3736.576388
-3736.57638
-3736.57626
-3736.576268
-3736.576336
-3736.576408
-3736.576284
-3736.576332
-3736.576312
-3736.576256
-3736.576296
-3736.576312
-3736.576368
-3736.576436
-3736.576376
-3736.57634
-3736.5763
-3736.576328
-3736.576404
-3736.57628
-3736.576356
-3736.576236
-3736.576264
-3736.57626
-3736.576192
-3736.5762
-3736.576244
-3736.576268
-3736.576324
-3736.57644
-3736.576332
-3736.576312
-3736.576344
-3736.576476
-3736.576484
-3736.576468
-3736.576424
-3736.576312
-3736.576308
-3736.57626
-3736.576336
-3736.57638
-3736.57658
-3736.576512
-3736.576492
-3736.57646
-3736.57664
-3736.576664
-3736.576688
-3736.57666
-3736.576568
-3736.576488
-3736.5765
-3736.576264
-3736.57616
-3736.576168
-3736.576056
-3736.57594
-3736.575848
-3736.575824
-3736.575704
-3736.575676
-3736.575824
-3736.575756
-3736.575748
-3736.575664
-3736.5757
-3736.575544
-3736.575544
-3736.575512
-3736.575632
-3736.57566
-3736.575632
-3736.575632
-3736.575488
-3736.575572
-3736.575552
-3736.575608
-3736.575464
-3736.575384
-3736.575524
-3736.575628
-3736.575576
-3736.575516
-3736.575368
-3736.575388
-3736.575448
-3736.575448
-3736.575588
-3736.575744
-3736.575692
-3736.575624
-3736.575624
-3736.575636
-3736.575588
-3736.575596
-3736.575672
-3736.575632
-3736.575712
-3736.575664
-3736.5757
-3736.575732
-3736.575808
-3736.57578
-3736.575748
-3736.575768
-3736.575632
-3736.575776
-3736.575748
-3736.575696
-3736.575688
-3736.5757
-3736.575752
-3736.575732
-3736.575628
-3736.575568
-3736.57566
-3736.575648
-3736.575804
-3736.57602
-3736.57618
-3736.576024
-3736.576068
-3736.576056
-3736.57608
-3736.5762
-3736.576288
-3736.576272
-3736.576216
-3736.57614
-3736.576068
-3736.57604
-3736.576084
-3736.575952
-3736.575996
-3736.575836
-3736.575856
-3736.575952
-3736.57618
-3736.576184
-3736.576
-3736.576072
-3736.576228
-3736.576252
-3736.576152
-3736.576112
-3736.576212
-3736.576156
-3736.576264
-3736.57636
-3736.576088
-3736.575984
-3736.576048
-3736.575892
-3736.575848
-3736.575892
-3736.575912
-3736.575868
-3736.575928
-3736.57604
-3736.575992
-3736.57588
-3736.575764
-3736.575696
-3736.575776
-3736.57576
-3736.57578
-3736.575808
-3736.575864
-3736.57596
-3736.575924
-3736.576052
-3736.576092
-3736.57612
-3736.576128
-3736.576076
-3736.57596
-3736.575824
-3736.575832
-3736.57558
-3736.575608
-3736.57566
-3736.57574
-3736.575676
-3736.575728
-3736.575612
-3736.575508
-3736.575448
-3736.575444
-3736.575404
-3736.5754
-3736.575336
-3736.575304
-3736.575232
-3736.575268
-3736.575344
-3736.575372
-3736.575368
-3736.575252
-3736.575212
-3736.575184
-3736.575208
-3736.575128
-3736.5752
-3736.57538
-3736.57544
-3736.575308
-3736.575348
-3736.575296
-3736.575248
-3736.575252
-3736.575316
-3736.575248
-3736.575356
-3736.57544
-3736.575488
-3736.575588
-3736.5757
-3736.575856
-3736.575856
-3736.576004
-3736.576016
-3736.576028
-3736.57604
-3736.575976
-3736.576012
-3736.575932
-3736.575952
-3736.575948
-3736.575896
-3736.575972
-3736.576176
-3736.576348
-3736.576312
-3736.576172
-3736.576132
-3736.576156
-3736.576056
-3736.576112
-3736.576008
-3736.575928
-3736.575956
-3736.57594
-3736.575976
-3736.575992
-3736.576056
-3736.576092
-3736.576068
-3736.575924
-3736.575996
-3736.575948
-3736.57602
-3736.575852
-3736.575872
-3736.575824
-3736.575856
-3736.575884
-3736.575756
-3736.575636
-3736.575716
-3736.575728
-3736.575908
-3736.575824
-3736.575896
-3736.575884
-3736.5759
-3736.575912
-3736.576004
-3736.575992
-3736.576036
-3736.576044
-3736.576076
-3736.576192
-3736.57626
-3736.576344
-3736.57636
-3736.576292
-3736.57648
-3736.576452
-3736.576604
-3736.576672
-3736.576576
-3736.576544
-3736.57646
-3736.576456
-3736.57664
-3736.576664
-3736.57678
-3736.576868
-3736.576892
-3736.576976
-3736.576844
-3736.576832
-3736.576896
-3736.576896
-3736.576884
-3736.576908
-3736.5769
-3736.576836
-3736.5768
-3736.576864
-3736.57698
-3736.57706
-3736.577108
-3736.577
-3736.576948
-3736.577096
-3736.577212
-3736.577332
-3736.577328
-3736.57726
-3736.576996
-3736.576864
-3736.576976
-3736.57704
-3736.577232
-3736.577356
-3736.577264
-3736.5773
-3736.577332
-3736.577372
-3736.577404
-3736.577248
-3736.577504
-3736.577528
-3736.577496
-3736.577516
-3736.57746
-3736.577572
-3736.5776
-3736.577496
-3736.577424
-3736.5774
-3736.57746
-3736.577404
-3736.577396
-3736.57742
-3736.5774
-3736.577408
-3736.577468
-3736.577384
-3736.577508
-3736.577552
-3736.577524
-3736.5777
-3736.57772
-3736.57772
-3736.577784
-3736.577912
-3736.578012
-3736.578024
-3736.577792
-3736.577864
-3736.577768
-3736.577664
-3736.577692
-3736.577768
-3736.577728
-3736.577676
-3736.57782
-3736.577924
-3736.57788
-3736.577824
-3736.577804
-3736.577816
-3736.577776
-3736.577604
-3736.577492
-3736.57754
-3736.577604
-3736.577484
-3736.577548
-3736.577556
-3736.577684
-3736.577612
-3736.577624
-3736.577644
-3736.577628
-3736.577592
-3736.577676
-3736.577676
-3736.577792
-3736.577808
-3736.577932
-3736.57798
-3736.577976
-3736.577812
-3736.57784
-3736.5778
-3736.5779
-3736.577876
-3736.57786
-3736.577944
-3736.578044
-3736.57816
-3736.578264
-3736.578176
-3736.578172
-3736.578324
-3736.578412
-3736.578388
-3736.578348
-3736.578336
-3736.578468
-3736.578588
-3736.578736
-3736.578876
-3736.578776
-3736.578536
-3736.578448
-3736.578544
-3736.578604
-3736.578776
-3736.578732
-3736.57856
-3736.578476
-3736.578484
-3736.578452
-3736.57848
-3736.578356
-3736.578332
-3736.578308
-3736.57836
-3736.578264
-3736.578368
-3736.578376
-3736.578492
-3736.578552
-3736.578648
-3736.578584
-3736.578612
-3736.57864
-3736.578564
-3736.578616
-3736.57866
-3736.578652
-3736.57874
-3736.578596
-3736.578672
-3736.578544
-3736.578584
-3736.578652
-3736.578836
-3736.578832
-3736.578804
-3736.578808
-3736.578748
-3736.578748
-3736.578672
-3736.578764
-3736.578752
-3736.57868
-3736.578692
-3736.578596
-3736.57864
-3736.578676
-3736.578652
-3736.578652
-3736.57874
-3736.578688
-3736.578676
-3736.578864
-3736.578872
-3736.578956
-3736.579
-3736.578904
-3736.578844
-3736.57888
-3736.57898
-3736.579084
-3736.579044
-3736.579088
-3736.578948
-3736.578968
-3736.578848
-3736.578956
-3736.578904
-3736.578992
-3736.578892
-3736.578888
-3736.578988
-3736.578852
-3736.578804
-3736.578764
-3736.578936
-3736.5789
-3736.578892
-3736.579028
-3736.579096
-3736.578976
-3736.578832
-3736.57888
-3736.578896
-3736.578904
-3736.578928
-3736.578964
-3736.578972
-3736.579016
-3736.578984
-3736.579116
-3736.579204
-3736.579176
-3736.579028
-3736.578968
-3736.578988
-3736.578828
-3736.578748
-3736.57862
-3736.578832
-3736.57882
-3736.578808
-3736.578792
-3736.578872
-3736.578892
-3736.578884
-3736.578852
-3736.578732
-3736.578668
-3736.578832
-3736.578672
-3736.57874
-3736.578756
-3736.57872
-3736.578828
-3736.57884
-3736.578864
-3736.578792
-3736.578848
-3736.578912
-3736.579216
-3736.57922
-3736.579152
-3736.57926
-3736.5792
-3736.57928
-3736.57912
-3736.57902
-3736.579144
-3736.57924
-3736.579332
-3736.57946
-3736.579504
-3736.579604
-3736.579568
-3736.579612
-3736.579612
-3736.579576
-3736.579396
-3736.57924
-3736.579196
-3736.579068
-3736.5791
-3736.579064
-3736.57902
-3736.579032
-3736.579148
-3736.57916
-3736.579256
-3736.579292
-3736.579368
-3736.579348
-3736.579356
-3736.5794
-3736.57954
-3736.57946
-3736.579492
-3736.579564
-3736.579608
-3736.579512
-3736.579588
-3736.57956
-3736.57954
-3736.579648
-3736.579712
-3736.579772
-3736.579764
-3736.579824
-3736.579884
-3736.57978
-3736.579772
-3736.579736
-3736.579676
-3736.579704
-3736.579772
-3736.579784
-3736.579776
-3736.579732
-3736.579796
-3736.579644
-3736.579688
-3736.57968
-3736.579732
-3736.579684
-3736.579924
-3736.579928
-3736.580068
-3736.580108
-3736.58014
-3736.58012
-3736.580176
-3736.580292
-3736.58026
-3736.58032
-3736.580336
-3736.58028
-3736.580328
-3736.580312
-3736.580264
-3736.58028
-3736.58026
-3736.580392
-3736.580536
-3736.58048
-3736.580464
-3736.58052
-3736.580416
-3736.580584
-3736.580612
-3736.58058
-3736.580768
-3736.58084
-3736.580976
-3736.581124
-3736.58114
-3736.581192
-3736.581256
-3736.581304
-3736.581296
-3736.581344
-3736.581332
-3736.581448
-3736.581304
-3736.5813
-3736.581284
-3736.581396
-3736.581464
-3736.581544
-3736.581516
-3736.581588
-3736.581756
-3736.581692
-3736.581524
-3736.581444
-3736.58134
-3736.581352
-3736.581272
-3736.581276
-3736.5812
-3736.581192
-3736.58124
-3736.581196
-3736.581368
-3736.581456
-3736.581348
-3736.581356
-3736.581224
-3736.58128
-3736.581224
-3736.58122
-3736.581348
-3736.581464
-3736.581568
-3736.581588
-3736.58166
-3736.581512
-3736.581676
-3736.581688
-3736.581728
-3736.581844
-3736.581744
-3736.581796
-3736.581712
-3736.581596
-3736.581492
-3736.581588
-3736.581684
-3736.5817
-3736.58182
-3736.581976
-3736.581924
-3736.582048
-3736.581956
-3736.58192
-3736.581996
-3736.5821
-3736.582032
-3736.581828
-3736.581872
-3736.58182
-3736.581692
-3736.58176
-3736.581696
-3736.581652
-3736.581644
-3736.581564
-3736.581528
-3736.581452
-3736.581496
-3736.581676
-3736.581628
-3736.58164
-3736.581568
-3736.58172
-3736.581916
-3736.581888
-3736.581896
-3736.581948
-3736.582024
-3736.582136
-3736.581944
-3736.581988
-3736.582016
-3736.582056
-3736.581928
-3736.581856
-3736.581852
-3736.581812
-3736.581732
-3736.581644
-3736.58166
-3736.581612
-3736.581604
-3736.581544
-3736.581468
-3736.581332
-3736.581424
-3736.58152
-3736.581584
-3736.581504
-3736.58138
-3736.581448
-3736.581376
-3736.58126
-3736.581296
-3736.5814
-3736.58138
-3736.581352
-3736.581424
-3736.581392
-3736.581456
-3736.581444
-3736.581312
-3736.581212
-3736.581276
-3736.581208
-3736.581164
-3736.581228
-3736.581096
-3736.581108
-3736.581188
-3736.581168
-3736.581212
-3736.581228
-3736.581336
-3736.581304
-3736.581184
-3736.581352
-3736.581408
-3736.581384
-3736.581484
-3736.58148
-3736.581612
-3736.581636
-3736.581636
-3736.581752
-3736.581824
-3736.581872
-3736.581772
-3736.581884
-3736.581776
-3736.581668
-3736.581716
-3736.58178
-3736.581864
-3736.581772
-3736.581888
-3736.581812
-3736.581892
-3736.582004
-3736.581884
-3736.581984
-3736.582156
-3736.582264
-3736.582064
-3736.582136
-3736.5822
-3736.582276
-3736.582292
-3736.582252
-3736.58218
-3736.58206
-3736.582072
-3736.582244
-3736.582312
-3736.582364
-3736.582396
-3736.582436
-3736.582376
-3736.582268
-3736.582404
-3736.582336
-3736.582252
-3736.582232
-3736.582264
-3736.582216
-3736.582048
-3736.581904
-3736.581812
-3736.58182
-3736.581708
-3736.581792
-3736.581736
-3736.581808
-3736.581792
-3736.58168
-3736.581712
-3736.581788
-3736.581804
-3736.581792
-3736.581784
-3736.581748
-3736.581764
-3736.581884
-3736.581864
-3736.581888
-3736.581724
-3736.58164
-3736.581808
-3736.581844
-3736.581796
-3736.581716
-3736.58172
-3736.581736
-3736.581644
-3736.58158
-3736.581488
-3736.581404
-3736.581484
-3736.581444
-3736.581356
-3736.58146
-3736.581448
-3736.5814
-3736.581464
-3736.581636
-3736.58168
-3736.581616
-3736.581748
-3736.581864
-3736.581936
-3736.58194
-3736.582008
-3736.58202
-3736.582012
-3736.582012
-3736.581928
-3736.581984
-3736.581924
-3736.581916
-3736.581924
-3736.581916
-3736.581852
-3736.581764
-3736.581772
-3736.581788
-3736.581944
-3736.58202
-3736.582136
-3736.582228
-3736.5822
-3736.582188
-3736.58216
-3736.582228
-3736.582296
-3736.582256
-3736.582268
-3736.582164
-3736.582132
-3736.582032
-3736.58206
-3736.582068
-3736.582064
-3736.582116
-3736.582076
-3736.58216
-3736.582224
-3736.582296
-3736.582304
-3736.582244
-3736.582296
-3736.582188
-3736.582064
-3736.582204
-3736.582296
-3736.58226
-3736.582188
-3736.582284
-3736.582212
-3736.58222
-3736.582148
-3736.582044
-3736.582048
-3736.582212
-3736.582244
-3736.582352
-3736.58248
-3736.58242
-3736.582408
-3736.58254
-3736.582416
-3736.582328
-3736.582312
-3736.582344
-3736.582356
-3736.582304
-3736.582288
-3736.582244
-3736.582224
-3736.582176
-3736.5823
-3736.582276
-3736.582356
-3736.582212
-3736.582184
-3736.582124
-3736.582184
-3736.582252
-3736.582136
-3736.58222
-3736.58224
-3736.582332
-3736.582256
-3736.582236
-3736.582244
-3736.582384
-3736.582404
-3736.582444
-3736.582536
-3736.582556
-3736.58258
-3736.582716
-3736.582736
-3736.582744
-3736.582808
-3736.582824
-3736.582736
-3736.582708
-3736.582636
-3736.582572
-3736.582508
-3736.58268
-3736.582648
-3736.58262
-3736.582652
-3736.582884
-3736.582676
-3736.582604
-3736.582696
-3736.58268
-3736.582656
-3736.582636
-3736.582556
-3736.58268
-3736.582592
-3736.582516
-3736.582376
-3736.582372
-3736.582328
-3736.58226
-3736.582204
-3736.582028
-3736.582052
-3736.582104
-3736.582212
-3736.58216
-3736.582092
-3736.581944
-3736.58192
-3736.581732
-3736.581676
-3736.581648
-3736.581728
-3736.581772
-3736.581588
-3736.581532
-3736.581588
-3736.58148
-3736.581432
-3736.581296
-3736.581332
-3736.5813
-3736.581168
-3736.581292
-3736.581348
-3736.58144
-3736.581576
-3736.581612
-3736.581684
-3736.581584
-3736.581572
-3736.581672
-3736.58168
-3736.58168
-3736.581564
-3736.58152
-3736.58144
-3736.581384
-3736.581444
-3736.581368
-3736.581352
-3736.581248
-3736.581128
-3736.581132
-3736.581004
-3736.580904
-3736.580976
-3736.580876
-3736.580968
-3736.580968
-3736.580932
-3736.580876
-3736.580836
-3736.580868
-3736.581068
-3736.581152
-3736.581156
-3736.581144
-3736.581136
-3736.581004
-3736.580992
-3736.580868
-3736.580888
-3736.580844
-3736.581032
-3736.581024
-3736.581192
-3736.581096
-3736.581252
-3736.581384
-3736.581404
-3736.581364
-3736.581412
-3736.581512
-3736.581536
-3736.581432
-3736.581444
-3736.581452
-3736.581368
-3736.581332
-3736.581272
-3736.581288
-3736.581164
-3736.581144
-3736.581024
-3736.581008
-3736.580972
-3736.580972
-3736.581144
-3736.581104
-3736.580888
-3736.580772
-3736.58072
-3736.580716
-3736.580708
-3736.580732
-3736.58074
-3736.580736
-3736.580616
-3736.580656
-3736.580712
-3736.580764
-3736.580804
-3736.580836
-3736.580816
-3736.5808
-3736.580896
-3736.580916
-3736.581132
-3736.58116
-3736.581096
-3736.581036
-3736.581092
-3736.581252
-3736.581164
-3736.581248
-3736.581268
-3736.5813
-3736.581312
-3736.581184
-3736.581156
-3736.581252
-3736.581116
-3736.581276
-3736.581216
-3736.581252
-3736.58126
-3736.581176
-3736.581256
-3736.58126
-3736.581228
-3736.58124
-3736.581256
-3736.581296
-3736.581344
-3736.581428
-3736.58138
-3736.581524
-3736.581408
-3736.581488
-3736.58156
-3736.581496
-3736.581748
-3736.581784
-3736.581812
-3736.581696
-3736.581808
-3736.581712
-3736.581664
-3736.58156
-3736.581608
-3736.581632
-3736.581804
-3736.5817
-3736.581712
-3736.581704
-3736.581764
-3736.581668
-3736.581644
-3736.58174
-3736.581756
-3736.581844
-3736.581744
-3736.581768
-3736.581808
-3736.581856
-3736.581904
-3736.581948
-3736.581912
-3736.58198
-3736.582104
-3736.582092
-3736.582104
-3736.582136
-3736.582176
-3736.582056
-3736.582096
-3736.582156
-3736.582132
-3736.581972
-3736.582036
-3736.582116
-3736.582048
-3736.581948
-3736.582068
-3736.582008
-3736.581936
-3736.581984
-3736.581908
-3736.581932
-3736.581864
-3736.58186
-3736.581804
-3736.581952
-3736.581916
-3736.581824
-3736.58192
-3736.581844
-3736.581804
-3736.581584
-3736.581508
-3736.581576
-3736.58156
-3736.581588
-3736.581604
-3736.581464
-3736.581372
-3736.581472
-3736.581464
-3736.58144
-3736.58148
-3736.581456
-3736.581456
-3736.581344
-3736.581416
-3736.58144
-3736.581444
-3736.581432
-3736.581476
-3736.581368
-3736.581272
-3736.581316
-3736.58126
-3736.58128
-3736.581164
-3736.581204
-3736.581188
-3736.581264
-3736.581216
-3736.581
-3736.580884
-3736.581052
-3736.581064
-3736.58088
-3736.580932
-3736.580856
-3736.580776
-3736.580768
-3736.5808
-3736.580732
-3736.580664
-3736.580744
-3736.580768
-3736.580716
-3736.580608
-3736.58056
-3736.58046
-3736.580496
-3736.580544
-3736.580676
-3736.580808
-3736.58068
-3736.580744
-3736.580768
-3736.580796
-3736.580852
-3736.58088
-3736.58076
-3736.58088
-3736.580936
-3736.580852
-3736.580936
-3736.580924
-3736.580944
-3736.58092
-3736.58088
-3736.58094
-3736.581096
-3736.581128
-3736.581256
-3736.581212
-3736.58116
-3736.581168
-3736.581292
-3736.581372
-3736.58136
-3736.581328
-3736.581348
-3736.581328
-3736.581172
-3736.581156
-3736.581132
-3736.58124
-3736.581268
-3736.581304
-3736.581388
-3736.581536
-3736.58146
-3736.581352
-3736.581308
-3736.581244
-3736.581304
-3736.581256
-3736.5813
-3736.5813
-3736.581344
-3736.581408
-3736.581444
-3736.581424
-3736.581428
-3736.58142
-3736.581452
-3736.581488
-3736.581552
-3736.581652
-3736.581596
-3736.58154
-3736.581528
-3736.58148
-3736.58152
-3736.581384
-3736.581332
-3736.581448
-3736.581484
-3736.581704
-3736.581596
-3736.581624
-3736.581688
-3736.581596
-3736.581448
-3736.58144
-3736.581388
-3736.581324
-3736.581324
-3736.581356
-3736.581328
-3736.581368
-3736.581512
-3736.581576
-3736.581648
-3736.5818
-3736.581844
-3736.581816
-3736.581768
-3736.581764
-3736.581696
-3736.581732
-3736.581808
-3736.581816
-3736.581672
-3736.581668
-3736.581728
-3736.581692
-3736.58168
-3736.581612
-3736.581728
-3736.581688
-3736.581696
-3736.581584
-3736.581508
-3736.581636
-3736.5817
-3736.581744
-3736.581876
-3736.581948
-3736.581848
-3736.581824
-3736.581928
-3736.5819
-3736.582
-3736.581896
-3736.581932
-3736.581944
-3736.58186
-3736.581832
-3736.58182
-3736.581896
-3736.581968
-3736.582048
-3736.582068
-3736.582084
-3736.582112
-3736.582144
-3736.582188
-3736.58208
-3736.582172
-3736.581888
-3736.581928
-3736.581988
-3736.582132
-3736.58214
-3736.582232
-3736.582148
-3736.582032
-3736.582004
-3736.582056
-3736.582112
-3736.582156
-3736.582184
-3736.582344
-3736.582384
-3736.582496
-3736.58256
-3736.582532
-3736.58268
-3736.582644
-3736.582704
-3736.58262
-3736.582492
-3736.582588
-3736.582632
-3736.582676
-3736.582688
-3736.582808
-3736.582908
-3736.582944
-3736.582884
-3736.582932
-3736.582972
-3736.582948
-3736.582988
-3736.583024
-3736.582828
-3736.582732
-3736.582664
-3736.582584
-3736.582524
-3736.582692
-3736.582636
-3736.582632
-3736.582524
-3736.582636
-3736.582512
-3736.582516
-3736.582636
-3736.58266
-3736.582644
-3736.582692
-3736.58258
-3736.582648
-3736.582628
-3736.58252
-3736.58262
-3736.582504
-3736.582552
-3736.582508
-3736.58246
-3736.582376
-3736.582456
-3736.582512
-3736.582452
-3736.58242
-3736.582416
-3736.582444
-3736.582292
-3736.582416
-3736.582488
-3736.582384
-3736.582268
-3736.582348
-3736.582284
-3736.58218
-3736.582076
-3736.582124
-3736.582204
-3736.582276
-3736.582216
-3736.58208
-3736.582024
-3736.581924
-3736.581916
-3736.581924
-3736.581908
-3736.581992
-3736.582036
-3736.581876
-3736.581916
-3736.581852
-3736.581796
-3736.5818
-3736.581756
-3736.581744
-3736.581664
-3736.581516
-3736.581448
-3736.581588
-3736.581528
-3736.581408
-3736.581416
-3736.581396
-3736.581432
-3736.581564
-3736.581644
-3736.581712
-3736.581608
-3736.581484
-3736.581512
-3736.581428
-3736.581424
-3736.581484
-3736.581608
-3736.58164
-3736.581692
-3736.581496
-3736.581396
-3736.581464
-3736.581452
-3736.581508
-3736.581468
-3736.581612
-3736.58152
-3736.581476
-3736.581524
-3736.581636
-3736.581664
-3736.581768
-3736.581784
-3736.58186
-3736.581836
-3736.58188
-3736.581944
-3736.582084
-3736.582052
-3736.58198
-3736.581904
-3736.582004
-3736.582236
-3736.582144
-3736.582236
-3736.582072
-3736.582024
-3736.582008
-3736.58206
-3736.582148
-3736.582148
-3736.582176
-3736.5823
-3736.582444
-3736.58242
-3736.582376
-3736.582428
-3736.582344
-3736.582368
-3736.582336
-3736.582512
-3736.582532
-3736.582588
-3736.582664
-3736.582664
-3736.58254
-3736.582536
-3736.582612
-3736.582692
-3736.582848
-3736.582792
-3736.582708
-3736.582608
-3736.582788
-3736.582736
-3736.582796
-3736.582796
-3736.582732
-3736.5828
-3736.582712
-3736.5827
-3736.582768
-3736.582892
-3736.582892
-3736.58288
-3736.582796
-3736.582704
-3736.58264
-3736.582672
-3736.582676
-3736.582576
-3736.582732
-3736.582716
-3736.582728
-3736.582632
-3736.582556
-3736.582504
-3736.582308
-3736.582304
-3736.582332
-3736.582544
-3736.582496
-3736.5826
-3736.582564
-3736.582364
-3736.582236
-3736.582232
-3736.58224
-3736.582112
-3736.582148
-3736.582256
-3736.582336
-3736.582448
-3736.582396
-3736.58238
-3736.582412
-3736.582456
-3736.582276
-3736.58232
-3736.582452
-3736.582368
-3736.582464
-3736.58226
-3736.582108
-3736.5822
-3736.582312
-3736.582268
-3736.582248
-3736.582308
-3736.582184
-3736.582116
-3736.58212
-3736.582112
-3736.58228
-3736.582272
-3736.582156
-3736.582052
-3736.58208
-3736.582068
-3736.581964
-3736.581844
-3736.581848
-3736.581872
-3736.58186
-3736.58196
-3736.581996
-3736.581924
-3736.581908
-3736.582008
-3736.581892
-3736.58178
-3736.581696
-3736.581672
-3736.581596
-3736.581544
-3736.581548
-3736.581636
-3736.581668
-3736.581708
-3736.58164
-3736.581612
-3736.581596
-3736.58158
-3736.581564
-3736.581652
-3736.58168
-3736.581568
-3736.581404
-3736.58132
-3736.581328
-3736.581404
-3736.581464
-3736.581524
-3736.581608
-3736.581584
-3736.58156
-3736.581548
-3736.581592
-3736.581588
-3736.581552
-3736.581592
-3736.581628
-3736.581664
-3736.581676
-3736.58174
-3736.581724
-3736.581712
-3736.581604
-3736.581596
-3736.581588
-3736.581456
-3736.581472
-3736.581548
-3736.581484
-3736.581572
-3736.581504
-3736.581504
-3736.581392
-3736.581376
-3736.581496
-3736.581568
-3736.581576
-3736.581512
-3736.581604
-3736.581708
-3736.581604
-3736.581532
-3736.581496
-3736.581456
-3736.581472
-3736.581508
-3736.581588
-3736.581688
-3736.581684
-3736.581656
-3736.58172
-3736.581796
-3736.581808
-3736.581772
-3736.581768
-3736.581848
-3736.581852
-3736.581872
-3736.581788
-3736.581728
-3736.581732
-3736.581888
-3736.582072
-3736.582048
-3736.581992
-3736.582068
-3736.582136
-3736.582288
-3736.582332
-3736.582472
-3736.582468
-3736.582564
-3736.582724
-3736.582688
-3736.582584
-3736.58264
-3736.582592
-3736.58276
-3736.582776
-3736.58282
-3736.582864
-3736.582932
-3736.582916
-3736.58294
-3736.582956
-3736.583028
-3736.583064
-3736.58312
-3736.583128
-3736.582916
-3736.582968
-3736.58288
-3736.582924
-3736.582928
-3736.582968
-3736.583048
-3736.583044
-3736.583032
-3736.583092
-3736.583128
-3736.583188
-3736.583304
-3736.58318
-3736.58308
-3736.583192
-3736.583276
-3736.583344
-3736.583264
-3736.583264
-3736.58326
-3736.583268
-3736.583216
-3736.583372
-3736.583332
-3736.58338
-3736.583468
-3736.583412
-3736.583276
-3736.583284
-3736.583384
-3736.5835
-3736.583432
-3736.5833
-3736.583336
-3736.58346
-3736.583464
-3736.583348
-3736.58334
-3736.583496
-3736.58362
-3736.583856
-3736.583684
-3736.583536
-3736.58354
-3736.58362
-3736.583704
-3736.583652
-3736.583616
-3736.583492
-3736.583388
-3736.583348
-3736.58336
-3736.583252
-3736.583224
-3736.583196
-3736.583204
-3736.583256
-3736.583384
-3736.583556
-3736.583632
-3736.583584
-3736.583472
-3736.583536
-3736.583424
-3736.583424
-3736.583464
-3736.583296
-3736.583328
-3736.58332
-3736.583352
-3736.58332
-3736.583352
-3736.583228
-3736.583048
-3736.583128
-3736.583172
-3736.583328
-3736.583384
-3736.583508
-3736.5834
-3736.583364
-3736.583352
-3736.583292
-3736.583324
-3736.583472
-3736.583468
-3736.58334
-3736.583308
-3736.5833
-3736.583284
-3736.583288
-3736.583276
-3736.583268
-3736.583324
-3736.583456
-3736.583576
-3736.583648
-3736.583864
-3736.583904
-3736.583844
-3736.583828
-3736.583888
-3736.583792
-3736.583732
-3736.5837
-3736.583652
-3736.58374
-3736.583724
-3736.583708
-3736.583896
-3736.583972
-3736.583952
-3736.583872
-3736.584048
-3736.584104
-3736.584252
-3736.584232
-3736.584284
-3736.584468
-3736.584504
-3736.584604
-3736.584476
-3736.584608
-3736.584556
-3736.584628
-3736.584724
-3736.584612
-3736.584656
-3736.584736
-3736.584828
-3736.585052
-3736.585048
-3736.584952
-3736.584996
-3736.584864
-3736.584968
-3736.585056
-3736.584992
-3736.58504
-3736.585236
-3736.585376
-3736.585536
-3736.585412
-3736.585468
-3736.58542
-3736.585484
-3736.58552
-3736.585536
-3736.585456
-3736.585404
-3736.585352
-3736.585248
-3736.585152
-3736.585192
-3736.585232
-3736.585272
-3736.58516
-3736.58514
-3736.585072
-3736.585176
-3736.585152
-3736.585308
-3736.585216
-3736.585252
-3736.58526
-3736.585208
-3736.585148
-3736.585212
-3736.585056
-3736.585028
-3736.584984
-3736.584968
-3736.584888
-3736.584832
-3736.584884
-3736.58478
-3736.5847
-3736.584736
-3736.584568
-3736.584636
-3736.58458
-3736.584424
-3736.58454
-3736.584604
-3736.584524
-3736.5845
-3736.584576
-3736.584384
-3736.584272
-3736.584192
-3736.584044
-3736.583956
-3736.584092
-3736.583936
-3736.583848
-3736.583804
-3736.583632
-3736.583592
-3736.583528
-3736.583532
-3736.583656
-3736.58378
-3736.583828
-3736.583916
-3736.584152
-3736.584136
-3736.584332
-3736.584356
-3736.584316
-3736.584404
-3736.584536
-3736.584532
-3736.58434
-3736.584428
-3736.584532
-3736.584512
-3736.584532
-3736.584504
-3736.584368
-3736.584416
-3736.584504
-3736.584712
-3736.58486
-3736.584956
-3736.584856
-3736.58488
-3736.584928
-3736.584956
-3736.584956
-3736.584976
-3736.584984
-3736.585048
-3736.585132
-3736.58514
-3736.585288
-3736.585404
-3736.585344
-3736.585328
-3736.585416
-3736.585556
-3736.58552
-3736.58556
-3736.585444
-3736.585468
-3736.585372
-3736.585292
-3736.58534
-3736.585392
-3736.585372
-3736.585416
-3736.585372
-3736.585296
-3736.585484
-3736.585444
-3736.58554
-3736.585632
-3736.585572
-3736.585692
-3736.585604
-3736.585572
-3736.585632
-3736.585568
-3736.585584
-3736.585636
-3736.585652
-3736.585488
-3736.585444
-3736.585528
-3736.585516
-3736.585368
-3736.585244
-3736.585328
-3736.5852
-3736.585144
-3736.584992
-3736.585076
-3736.584916
-3736.585
-3736.584988
-3736.585016
-3736.584964
-3736.585052
-3736.585004
-3736.585036
-3736.584948
-3736.584944
-3736.584892
-3736.585
-3736.58502
-3736.585116
-3736.58504
-3736.585108
-3736.584988
-3736.585064
-3736.585056
-3736.585048
-3736.585
-3736.585048
-3736.585
-3736.584956
-3736.585008
-3736.584928
-3736.584828
-3736.5848
-3736.584816
-3736.584796
-3736.58474
-3736.58474
-3736.584628
-3736.584872
-3736.584868
-3736.58492
-3736.584748
-3736.584812
-3736.58488
-3736.584748
-3736.584628
-3736.584644
-3736.5847
-3736.584572
-3736.584632
-3736.584484
-3736.584388
-3736.584212
-3736.584292
-3736.584344
-3736.584372
-3736.584368
-3736.584492
-3736.58442
-3736.584428
-3736.584328
-3736.584232
-3736.584364
-3736.584448
-3736.584552
-3736.584436
-3736.584444
-3736.58446
-3736.584492
-3736.584524
-3736.58462
-3736.584796
-3736.584856
-3736.5848
-3736.584744
-3736.584708
-3736.58456
-3736.584632
-3736.584516
-3736.584576
-3736.5847
-3736.584576
-3736.584628
-3736.584572
-3736.584644
-3736.584604
-3736.584608
-3736.584516
-3736.584564
-3736.584644
-3736.584592
-3736.584588
-3736.584532
-3736.5844
-3736.584356
-3736.584444
-3736.5843
-3736.584288
-3736.5844
-3736.58444
-3736.584544
-3736.584384
-3736.584312
-3736.584396
-3736.584456
-3736.584544
-3736.584564
-3736.584632
-3736.584568
-3736.58448
-3736.58442
-3736.584492
-3736.584552
-3736.58456
-3736.584684
-3736.58484
-3736.584968
-3736.584956
-3736.585048
-3736.585032
-3736.585068
-3736.585148
-3736.58516
-3736.58516
-3736.585236
-3736.585268
-3736.58536
-3736.585436
-3736.585272
-3736.585296
-3736.585268
-3736.585244
-3736.585136
-3736.585116
-3736.585132
-3736.585016
-3736.584952
-3736.584888
-3736.584848
-3736.585036
-3736.585192
-3736.585292
-3736.585368
-3736.585452
-3736.585568
-3736.585584
-3736.585496
-3736.585568
-3736.58548
-3736.585508
-3736.585348
-3736.585296
-3736.585388
-3736.585496
-3736.585388
-3736.585396
-3736.585444
-3736.585468
-3736.585472
-3736.585488
-3736.585468
-3736.585384
-3736.585332
-3736.5854
-3736.58532
-3736.58526
-3736.585176
-3736.5851
-3736.5851
-3736.584988
-3736.585092
-3736.584868
-3736.58474
-3736.584832
-3736.584824
-3736.584748
-3736.584756
-3736.58484
-3736.5848
-3736.584836
-3736.584848
-3736.58482
-3736.584928
-3736.584912
-3736.584928
-3736.585088
-3736.585132
-3736.585384
-3736.585292
-3736.585296
-3736.585216
-3736.585244
-3736.585288
-3736.5853
-3736.585252
-3736.5852
-3736.5851
-3736.584976
-3736.585004
-3736.58504
-3736.584908
-3736.584848
-3736.584844
-3736.58482
-3736.58502
-3736.584944
-3736.584892
-3736.584876
-3736.584804
-3736.584692
-3736.584676
-3736.58464
-3736.5845
-3736.584576
-3736.58446
-3736.584428
-3736.58438
-3736.584424
-3736.584412
-3736.584324
-3736.584324
-3736.584428
-3736.584564
-3736.584596
-3736.58458
-3736.584664
-3736.584576
-3736.584668
-3736.58472
-3736.5847
-3736.584764
-3736.584812
-3736.584884
-3736.584788
-3736.584708
-3736.584708
-3736.5847
-3736.5847
-3736.58476
-3736.584752
-3736.584696
-3736.584628
-3736.58462
-3736.584532
-3736.584572
-3736.584684
-3736.584528
-3736.584552
-3736.584484
-3736.58432
-3736.58434
-3736.584256
-3736.584288
-3736.584332
-3736.58426
-3736.584312
-3736.584228
-3736.584168
-3736.584164
-3736.584188
-3736.5843
-3736.584324
-3736.58428
-3736.584284
-3736.584376
-3736.584536
-3736.584484
-3736.584468
-3736.584592
-3736.584664
-3736.584652
-3736.58456
-3736.584584
-3736.584448
-3736.584536
-3736.584668
-3736.584712
-3736.584644
-3736.584748
-3736.584672
-3736.584756
-3736.584744
-3736.584756
-3736.584852
-3736.584888
-3736.584892
-3736.584892
-3736.584772
-3736.584828
-3736.584668
-3736.584624
-3736.584552
-3736.584548
-3736.584648
-3736.584676
-3736.584568
-3736.584392
-3736.584396
-3736.584328
-3736.584316
-3736.58422
-3736.584208
-3736.584092
-3736.584124
-3736.58418
-3736.584176
-3736.584256
-3736.5843
-3736.584308
-3736.584304
-3736.58432
-3736.584332
-3736.584356
-3736.58428
-3736.584216
-3736.584328
-3736.584228
-3736.584256
-3736.58418
-3736.584308
-3736.584396
-3736.58462
-3736.584668
-3736.584596
-3736.584512
-3736.584528
-3736.584424
-3736.584572
-3736.584532
-3736.58452
-3736.58448
-3736.58442
-3736.584308
-3736.584284
-3736.584368
-3736.584336
-3736.584244
-3736.584152
-3736.584068
-3736.584032
-3736.583984
-3736.583772
-3736.583856
-3736.583752
-3736.583728
-3736.583708
-3736.583732
-3736.58366
-3736.583628
-3736.583656
-3736.583528
-3736.583472
-3736.583536
-3736.583464
-3736.583492
-3736.583268
-3736.5833
-3736.58332
-3736.583292
-3736.583288
-3736.583268
-3736.583232
-3736.58328
-3736.583376
-3736.583348
-3736.583272
-3736.583388
-3736.583552
-3736.583604
-3736.5834
-3736.58348
-3736.583312
-3736.58338
-3736.583356
-3736.583392
-3736.583328
-3736.583576
-3736.583532
-3736.583512
-3736.583512
-3736.583532
-3736.58338
-3736.58342
-3736.583368
-3736.583392
-3736.583264
-3736.583344
-3736.583476
-3736.583408
-3736.583416
-3736.583496
-3736.583628
-3736.58356
-3736.583556
-3736.583716
-3736.58354
-3736.583456
-3736.583532
-3736.58356
-3736.58362
-3736.583464
-3736.583524
-3736.58362
-3736.58366
-3736.583632
-3736.583768
-3736.583712
-3736.583792
-3736.58376
-3736.583748
-3736.583704
-3736.583736
-3736.583728
-3736.58378
-3736.583824
-3736.583684
-3736.583744
-3736.583636
-3736.583576
-3736.583604
-3736.583656
-3736.583512
-3736.583568
-3736.583696
-3736.583692
-3736.583664
-3736.583572
-3736.583732
-3736.583604
-3736.583704
-3736.583536
-3736.583508
-3736.583452
-3736.583532
-3736.583416
-3736.583276
-3736.583252
-3736.583224
-3736.583128
-3736.582996
-3736.583208
-3736.583308
-3736.583156
-3736.583216
-3736.583064
-3736.583116
-3736.583076
-3736.583056
-3736.5831
-3736.58304
-3736.583084
-3736.583148
-3736.58318
-3736.583104
-3736.583152
-3736.583
-3736.582852
-3736.582748
-3736.582688
-3736.5827
-3736.58268
-3736.58256
-3736.58266
-3736.582736
-3736.582796
-3736.582708
-3736.582628
-3736.582632
-3736.582552
-3736.58266
-3736.582552
-3736.582652
-3736.58266
-3736.582604
-3736.582644
-3736.582572
-3736.582568
-3736.582684
-3736.582732
-3736.582656
-3736.582716
-3736.582656
-3736.582592
-3736.582616
-3736.582624
-3736.58272
-3736.582548
-3736.582736
-3736.582768
-3736.582692
-3736.582628
-3736.582828
-3736.582632
-3736.582644
-3736.582648
-3736.582684
-3736.582512
-3736.582476
-3736.582548
-3736.582552
-3736.582544
-3736.582388
-3736.582432
-3736.582392
-3736.582432
-3736.5826
-3736.582628
-3736.582612
-3736.582752
-3736.58282
-3736.582908
-3736.583024
-3736.582864
-3736.582828
-3736.582864
-3736.582792
-3736.582708
-3736.58282
-3736.582708
-3736.582776
-3736.582812
-3736.582816
-3736.582808
-3736.58288
-3736.582812
-3736.582796
-3736.582696
-3736.582708
-3736.582672
-3736.58252
-3736.582544
-3736.582568
-3736.582512
-3736.582428
-3736.58248
-3736.582436
-3736.582564
-3736.582532
-3736.582496
-3736.582384
-3736.582368
-3736.582384
-3736.582516
-3736.5825
-3736.582516
-3736.582448
-3736.582452
-3736.582512
-3736.58256
-3736.582612
-3736.582688
-3736.582716
-3736.58274
-3736.58264
-3736.582688
-3736.582908
-3736.582892
-3736.582864
-3736.5828
-3736.582676
-3736.582756
-3736.582612
-3736.582584
-3736.582404
-3736.582284
-3736.582288
-3736.582264
-3736.582304
-3736.582376
-3736.582356
-3736.582092
-3736.5821
-3736.582128
-3736.582128
-3736.58216
-3736.582064
-3736.58212
-3736.58216
-3736.58226
-3736.582364
-3736.5823
-3736.58228
-3736.582292
-3736.582284
-3736.582272
-3736.582324
-3736.582284
-3736.582288
-3736.582024
-3736.582044
-3736.582132
-3736.582132
-3736.582136
-3736.58216
-3736.582292
-3736.58244
-3736.582468
-3736.582356
-3736.5822
-3736.5823
-3736.582052
-3736.582096
-3736.582148
-3736.58216
-3736.582144
-3736.582328
-3736.582328
-3736.582328
-3736.582228
-3736.582084
-3736.581912
-3736.582012
-3736.581984
-3736.582092
-3736.582092
-3736.582032
-3736.582108
-3736.582112
-3736.58218
-3736.582068
-3736.582108
-3736.582136
-3736.582148
-3736.582152
-3736.582036
-3736.582088
-3736.582096
-3736.582248
-3736.582212
-3736.58226
-3736.582348
-3736.582308
-3736.582228
-3736.58228
-3736.582312
-3736.582296
-3736.582368
-3736.582492
-3736.58236
-3736.582248
-3736.582116
-3736.582228
-3736.582312
-3736.582324
-3736.582396
-3736.582248
-3736.582292
-3736.582208
-3736.582236
-3736.5822
-3736.582332
-3736.582276
-3736.582456
-3736.582532
-3736.582584
-3736.58252
-3736.582556
-3736.582348
-3736.582316
-3736.582356
-3736.582496
-3736.58244
-3736.582496
-3736.582528
-3736.58252
-3736.582424
-3736.5825
-3736.582528
-3736.582524
-3736.582408
-3736.582316
-3736.58238
-3736.582572
-3736.582604
-3736.58246
-3736.582468
-3736.58236
-3736.582468
-3736.582464
-3736.582496
-3736.58258
-3736.582684
-3736.582724
-3736.582708
-3736.582692
-3736.582584
-3736.58254
-3736.5825
-3736.582564
-3736.58264
-3736.582668
-3736.582592
-3736.582548
-3736.58256
-3736.582624
-3736.582692
-3736.58272
-3736.582548
-3736.582468
-3736.582572
-3736.582604
-3736.582684
-3736.582576
-3736.582644
-3736.582516
-3736.582596
-3736.582636
-3736.582712
-3736.5826
-3736.582732
-3736.582756
-3736.582656
-3736.582688
-3736.582644
-3736.582684
-3736.58284
-3736.582704
-3736.58256
-3736.582496
-3736.582484
-3736.582428
-3736.582312
-3736.582376
-3736.58246
-3736.5824
-3736.582512
-3736.582392
-3736.582368
-3736.582324
-3736.582356
-3736.582364
-3736.58238
-3736.58244
-3736.58232
-3736.582332
-3736.582316
-3736.582208
-3736.582236
-3736.582244
-3736.582284
-3736.582328
-3736.582404
-3736.582448
-3736.582516
-3736.582488
-3736.582376
-3736.582364
-3736.582464
-3736.58248
-3736.582328
-3736.582288
-3736.582208
-3736.5822
-3736.582208
-3736.582244
-3736.582172
-3736.5822
-3736.582172
-3736.582028
-3736.581848
-3736.581816
-3736.581636
-3736.5818
-3736.581664
-3736.581676
-3736.581652
-3736.58174
-3736.5817
-3736.581704
-3736.581756
-3736.581796
-3736.581732
-3736.5817
-3736.581688
-3736.58154
-3736.581508
-3736.5814
-3736.581284
-3736.581348
-3736.581416
-3736.581388
-3736.581224
-3736.581168
-3736.581268
-3736.581188
-3736.581176
-3736.581208
-3736.581148
-3736.581192
-3736.581284
-3736.581344
-3736.58118
-3736.581084
-3736.581024
-3736.581176
-3736.581116
-3736.580988
-3736.581048
-3736.581096
-3736.58094
-3736.580876
-3736.58096
-3736.580928
-3736.580996
-3736.58098
-3736.581088
-3736.581168
-3736.581068
-3736.581168
-3736.581052
-3736.581048
-3736.581056
-3736.580948
-3736.580908
-3736.58094
-3736.581156
-3736.58118
-3736.58116
-3736.581196
-3736.581372
-3736.58136
-3736.581384
-3736.581268
-3736.58124
-3736.581344
-3736.581336
-3736.58122
-3736.581252
-3736.58126
-3736.581268
-3736.581284
-3736.581256
-3736.581128
-3736.581184
-3736.58106
-3736.58112
-3736.581068
-3736.580976
-3736.581056
-3736.581056
-3736.581016
-3736.581016
-3736.580996
-3736.580968
-3736.580932
-3736.580972
-3736.5809
-3736.580912
-3736.580912
-3736.580808
-3736.580708
-3736.580816
-3736.580812
-3736.580844
-3736.580868
-3736.580884
-3736.580916
-3736.58098
-3736.581092
-3736.581132
-3736.581012
-3736.580928
-3736.580976
-3736.581044
-3736.581
-3736.581032
-3736.581128
-3736.581144
-3736.58118
-3736.581356
-3736.581412
-3736.581292
-3736.581276
-3736.581248
-3736.581232
-3736.581372
-3736.581248
-3736.581172
-3736.581128
-3736.581112
-3736.581044
-3736.58112
-3736.580972
-3736.580908
-3736.580904
-3736.580808
-3736.58076
-3736.580708
-3736.580784
-3736.580984
-3736.580964
-3736.580924
-3736.580868
-3736.580896
-3736.580648
-3736.580796
-3736.580824
-3736.58078
-3736.5807
-3736.580724
-3736.580828
-3736.580832
-3736.58086
-3736.580848
-3736.580852
-3736.58082
-3736.580716
-3736.580624
-3736.5807
-3736.580832
-3736.58092
-3736.580844
-3736.580936
-3736.580912
-3736.580976
-3736.580988
-3736.580932
-3736.580884
-3736.580876
-3736.580784
-3736.580804
-3736.580912
-3736.581024
-3736.580984
-3736.580964
-3736.580944
-3736.580844
-3736.58076
-3736.5808
-3736.580868
-3736.580936
-3736.580808
-3736.580736
-3736.580808
-3736.580824
-3736.58088
-3736.580988
-3736.580964
-3736.580836
-3736.580824
-3736.580944
-3736.581064
-3736.581116
-3736.581136
-3736.581072
-3736.581228
-3736.581124
-3736.581084
-3736.581328
-3736.581336
-3736.581332
-3736.581492
-3736.581616
-3736.581712
-3736.581728
-3736.581624
-3736.58166
-3736.581632
-3736.581672
-3736.58168
-3736.581684
-3736.581692
-3736.581668
-3736.58178
-3736.581772
-3736.581884
-3736.581908
-3736.581856
-3736.581908
-3736.581856
-3736.58188
-3736.58172
-3736.581752
-3736.581796
-3736.581848
-3736.581756
-3736.581824
-3736.581872
-3736.581868
-3736.581788
-3736.581736
-3736.581752
-3736.581836
-3736.581944
-3736.581996
-3736.581988
-3736.582104
-3736.582276
-3736.582236
-3736.582164
-3736.582268
-3736.582416
-3736.582448
-3736.582576
-3736.582676
-3736.5826
-3736.582644
-3736.582732
-3736.582768
-3736.58292
-3736.582888
-3736.582704
-3736.582644
-3736.582732
-3736.58266
-3736.582608
-3736.582612
-3736.582516
-3736.582548
-3736.582552
-3736.582436
-3736.582584
-3736.58254
-3736.582428
-3736.582268
-3736.582332
-3736.582392
-3736.582356
-3736.58226
-3736.582248
-3736.582256
-3736.582324
-3736.5823
-3736.5821
-3736.58204
-3736.58212
-3736.582116
-3736.582164
-3736.582288
-3736.582336
-3736.5825
-3736.582472
-3736.582376
-3736.58236
-3736.58226
-3736.582236
-3736.582116
-3736.582196
-3736.582208
-3736.582168
-3736.582252
-3736.582324
-3736.582212
-3736.582276
-3736.582316
-3736.58234
-3736.58234
-3736.582348
-3736.58254
-3736.582576
-3736.582648
-3736.582612
-3736.58264
-3736.582596
-3736.582636
-3736.582624
-3736.582512
-3736.58252
-3736.58236
-3736.582388
-3736.582296
-3736.582168
-3736.58214
-3736.58208
-3736.581988
-3736.582096
-3736.58204
-3736.581976
-3736.58196
-3736.581856
-3736.5819
-3736.581908
-3736.581864
-3736.58192
-3736.58196
-3736.581816
-3736.581848
-3736.581856
-3736.581884
-3736.58172
-3736.58174
-3736.581688
-3736.581768
-3736.581832
-3736.581744
-3736.581764
-3736.58176
-3736.5817
-3736.581772
-3736.581812
-3736.581736
-3736.581648
-3736.5818
-3736.581804
-3736.581892
-3736.581936
-3736.581748
-3736.581872
-3736.581872
-3736.581984
-3736.581908
-3736.581868
-3736.581912
-3736.581816
-3736.58184
-3736.581744
-3736.581704
-3736.581596
-3736.58172
-3736.581908
-3736.581992
-3736.582104
-3736.581964
-3736.581864
-3736.58166
-3736.581492
-3736.581424
-3736.581384
-3736.581452
-3736.581424
-3736.581424
-3736.581492
-3736.581528
-3736.581636
-3736.581548
-3736.581508
-3736.581464
-3736.581532
-3736.581592
-3736.581572
-3736.58148
-3736.58148
-3736.58144
-3736.581372
-3736.581464
-3736.581488
-3736.581592
-3736.581664
-3736.581736
-3736.581776
-3736.581776
-3736.581816
-3736.581752
-3736.581888
-3736.581964
-3736.581996
-3736.581944
-3736.581972
-3736.582144
-3736.582004
-3736.581912
-3736.581952
-3736.581904
-3736.5821
-3736.582112
-3736.582156
-3736.582168
-3736.582252
-3736.5823
-3736.582356
-3736.582252
-3736.582232
-3736.582204
-3736.582084
-3736.581972
-3736.581944
-3736.581948
-3736.582028
-3736.582092
-3736.582152
-3736.582252
-3736.582164
-3736.582232
-3736.582276
-3736.582248
-3736.582296
-3736.582316
-3736.582448
-3736.582528
-3736.582532
-3736.582488
-3736.582436
-3736.582452
-3736.582468
-3736.582452
-3736.582448
-3736.582596
-3736.582708
-3736.582692
-3736.58292
-3736.583004
-3736.583276
-3736.583288
-3736.583312
-3736.583092
-3736.583064
-3736.583084
-3736.583156
-3736.583092
-3736.583308
-3736.583252
-3736.583188
-3736.583116
-3736.583252
-3736.583136
-3736.583136
-3736.583116
-3736.583036
-3736.582972
-3736.582884
-3736.58282
-3736.582864
-3736.582768
-3736.5827
-3736.582808
-3736.582788
-3736.582772
-3736.582848
-3736.582804
-3736.582956
-3736.58308
-3736.58312
-3736.583048
-3736.583168
-3736.58308
-3736.583016
-3736.583084
-3736.583172
-3736.583136
-3736.582852
-3736.58282
-3736.58288
-3736.582848
-3736.582996
-3736.583056
-3736.583036
-3736.582916
-3736.583072
-3736.583076
-3736.583068
-3736.583272
-3736.583296
-3736.583244
-3736.583196
-3736.583364
-3736.583336
-3736.5832
-3736.583132
-3736.583216
-3736.582944
-3736.58294
-3736.582764
-3736.582828
-3736.582984
-3736.582952
-3736.582896
-3736.583024
-3736.583088
-3736.58316
-3736.58316
-3736.583168
-3736.583248
-3736.583256
-3736.583304
-3736.583488
-3736.583504
-3736.583492
-3736.58334
-3736.583276
-3736.583288
-3736.58326
-3736.583296
-3736.58326
-3736.583116
-3736.58314
-3736.583068
-3736.583172
-3736.58332
-3736.583388
-3736.583412
-3736.583432
-3736.583376
-3736.58338
-3736.583344
-3736.583416
-3736.583432
-3736.583348
-3736.583508
-3736.5836
-3736.583776
-3736.583772
-3736.583744
-3736.583908
-3736.583864
-3736.583948
-3736.5838
-3736.583844
-3736.583832
-3736.58388
-3736.583864
-3736.584032
-3736.584136
-3736.58422
-3736.584284
-3736.584192
-3736.584256
-3736.584244
-3736.584192
-3736.5844
-3736.584496
-3736.58458
-3736.584456
-3736.584508
-3736.58446
-3736.584356
-3736.584328
-3736.584376
-3736.584336
-3736.584424
-3736.584448
-3736.584464
-3736.584584
-3736.584524
-3736.58442
-3736.584244
-3736.584152
-3736.584136
-3736.584128
-3736.584252
-3736.58426
-3736.5843
-3736.584356
-3736.584312
-3736.58418
-3736.584072
-3736.583988
-3736.584048
-3736.584152
-3736.584096
-3736.584156
-3736.584176
-3736.5842
-3736.5842
-3736.58428
-3736.584304
-3736.584404
-3736.58444
-3736.584436
-3736.584316
-3736.584264
-3736.584344
-3736.584408
-3736.584276
-3736.584292
-3736.584444
-3736.584568
-3736.5847
-3736.58466
-3736.584572
-3736.5845
-3736.584604
-3736.584632
-3736.584532
-3736.584516
-3736.584388
-3736.584388
-3736.584368
-3736.584264
-3736.584312
-3736.58432
-3736.584264
-3736.5843
-3736.58436
-3736.584412
-3736.58446
-3736.58452
-3736.584508
-3736.584296
-3736.584252
-3736.5842
-3736.58412
-3736.584152
-3736.584208
-3736.58418
-3736.584288
-3736.58424
-3736.58434
-3736.584308
-3736.584348
-3736.584172
-3736.584056
-3736.583996
-3736.584
-3736.58384
-3736.58376
-3736.58368
-3736.58376
-3736.583768
-3736.583712
-3736.583836
-3736.58378
-3736.583716
-3736.58362
-3736.583736
-3736.5835
-3736.583444
-3736.583476
-3736.5836
-3736.583528
-3736.583484
-3736.58342
-3736.583348
-3736.583212
-3736.583164
-3736.583196
-3736.583328
-3736.583288
-3736.583356
-3736.583516
-3736.583528
-3736.583724
-3736.583812
-3736.583836
-3736.583904
-3736.583772
-3736.583668
-3736.583616
-3736.583628
-3736.583664
-3736.583724
-3736.583752
-3736.583708
-3736.583756
-3736.583828
-3736.583924
-3736.583932
-3736.584004
-3736.584092
-3736.58422
-3736.584204
-3736.584204
-3736.58434
-3736.584448
-3736.584284
-3736.584348
-3736.584336
-3736.58452
-3736.5845
-3736.584628
-3736.58462
-3736.584644
-3736.584728
-3736.584732
-3736.58478
-3736.584756
-3736.58478
-3736.584792
-3736.584752
-3736.584864
-3736.584832
-3736.584832
-3736.584864
-3736.584852
-3736.584864
-3736.58478
-3736.584824
-3736.584828
-3736.584744
-3736.584956
-3736.584956
-3736.585004
-3736.584816
-3736.584856
-3736.584704
-3736.58478
-3736.584876
-3736.584824
-3736.584796
-3736.5848
-3736.584776
-3736.584796
-3736.584844
-3736.584724
-3736.584796
-3736.584776
-3736.58474
-3736.584548
-3736.584544
-3736.584596
-3736.584628
-3736.584596
-3736.58472
-3736.5847
-3736.584512
-3736.584364
-3736.584312
-3736.584292
-3736.584204
-3736.584196
-3736.584176
-3736.584264
-3736.584244
-3736.584188
-3736.584112
-3736.5842
-3736.584104
-3736.584148
-3736.584164
-3736.584148
-3736.584108
-3736.58432
-3736.584372
-3736.5844
-3736.584472
-3736.584464
-3736.584532
-3736.584372
-3736.584452
-3736.58456
-3736.584556
-3736.584416
-3736.584352
-3736.584344
-3736.584396
-3736.584368
-3736.584436
-3736.584412
-3736.58444
-3736.584388
-3736.584392
-3736.584404
-3736.584252
-3736.584332
-3736.584332
-3736.584372
-3736.584556
-3736.58454
-3736.584612
-3736.584524
-3736.5846
-3736.584788
-3736.58482
-3736.584672
-3736.584588
-3736.584568
-3736.584612
-3736.584536
-3736.584556
-3736.584512
-3736.584508
-3736.584492
-3736.58436
-3736.584264
-3736.584372
-3736.584204
-3736.584236
-3736.584112
-3736.584208
-3736.584144
-3736.583988
-3736.583972
-3736.584036
-3736.58412
-3736.584144
-3736.584204
-3736.584304
-3736.584344
-3736.584424
-3736.584396
-3736.58438
-3736.584316
-3736.584388
-3736.584124
-3736.584072
-3736.584136
-3736.58408
-3736.584192
-3736.5843
-3736.5843
-3736.584216
-3736.584232
-3736.584108
-3736.584036
-3736.583992
-3736.583872
-3736.583804
-3736.583688
-3736.583576
-3736.583492
-3736.58342
-3736.583468
-3736.583444
-3736.583648
-3736.583656
-3736.583576
-3736.583532
-3736.58352
-3736.583492
-3736.583512
-3736.583548
-3736.58356
-3736.58366
-3736.583492
-3736.583636
-3736.583708
-3736.583668
-3736.583512
-3736.583628
-3736.583672
-3736.583744
-3736.583824
-3736.583844
-3736.583816
-3736.583956
-3736.583992
-3736.583848
-3736.583764
-3736.583712
-3736.583676
-3736.583772
-3736.58374
-3736.583688
-3736.583592
-3736.583592
-3736.58362
-3736.583668
-3736.583732
-3736.583696
-3736.583744
-3736.58382
-3736.583812
-3736.583828
-3736.583884
-3736.584048
-3736.584064
-3736.584024
-3736.584116
-3736.583976
-3736.58396
-3736.583952
-3736.583944
-3736.583952
-3736.583952
-3736.583996
-3736.58402
-3736.58392
-3736.583936
-3736.584088
-3736.584144
-3736.5842
-3736.584224
-3736.584192
-3736.584132
-3736.584172
-3736.584328
-3736.584272
-3736.584192
-3736.584068
-3736.584128
-3736.584112
-3736.584228
-3736.584248
-3736.584412
-3736.58438
-3736.584436
-3736.584436
-3736.584384
-3736.584436
-3736.584308
-3736.584364
-3736.5844
-3736.584344
-3736.584348
-3736.584332
-3736.584328
-3736.584268
-3736.584148
-3736.584148
-3736.584044
-3736.584016
-3736.584116
-3736.584116
-3736.584052
-3736.584112
-3736.584136
-3736.584312
-3736.584304
-3736.584252
-3736.584312
-3736.58414
-3736.58414
-3736.58414
-3736.58424
-3736.58414
-3736.584248
-3736.584332
-3736.58428
-3736.584256
-3736.58434
-3736.584444
-3736.584392
-3736.584376
-3736.584248
-3736.584024
-3736.583916
-3736.583896
-3736.583972
-3736.584036
-3736.584016
-3736.584076
-3736.584124
-3736.58404
-3736.584048
-3736.58402
-3736.58402
-3736.584044
-3736.58406
-3736.584096
-3736.58406
-3736.584076
-3736.583876
-3736.583812
-3736.583828
-3736.583632
-3736.58364
-3736.583724
-3736.583768
-3736.583812
-3736.583892
-3736.583872
-3736.583948
-3736.583884
-3736.583872
-3736.583804
-3736.583788
-3736.5838
-3736.58376
-3736.58366
-3736.58346
-3736.583488
-3736.58362
-3736.583784
-3736.583708
-3736.58368
-3736.583704
-3736.583836
-3736.583732
-3736.583724
-3736.583836
-3736.583868
-3736.583952
-3736.584
-3736.584028
-3736.584136
-3736.584168
-3736.584284
-3736.584252
-3736.584268
-3736.584308
-3736.584264
-3736.584376
-3736.584292
-3736.584304
-3736.58438
-3736.584468
-3736.584456
-3736.584416
-3736.584376
-3736.584136
-3736.584044
-3736.584168
-3736.583948
-3736.583888
-3736.583796
-3736.583884
-3736.584
-3736.584068
-3736.584164
-3736.584112
-3736.584284
-3736.584476
-3736.58456
-3736.584396
-3736.584364
-3736.58434
-3736.584288
-3736.584348
-3736.584276
-3736.584264
-3736.584316
-3736.584392
-3736.584512
-3736.584468
-3736.584468
-3736.584448
-3736.584372
-3736.584536
-3736.58458
-3736.584444
-3736.584532
-3736.584536
-3736.584556
-3736.58458
-3736.584588
-3736.58464
-3736.584708
-3736.584824
-3736.585008
-3736.585104
-3736.585196
-3736.58518
-3736.585204
-3736.585252
-3736.585236
-3736.585212
-3736.585016
-3736.584976
-3736.584952
-3736.584952
-3736.584948
-3736.584964
-3736.584948
-3736.584856
-3736.584928
-3736.584876
-3736.58498
-3736.585
-3736.585092
-3736.585088
-3736.585028
-3736.584968
-3736.585052
-3736.585124
-3736.585032
-3736.585184
-3736.585216
-3736.585172
-3736.585056
-3736.585248
-3736.585232
-3736.585112
-3736.585172
-3736.585048
-3736.585168
-3736.58528
-3736.58532
-3736.58532
-3736.585268
-3736.585324
-3736.5854
-3736.585616
-3736.585664
-3736.585464
-3736.585584
-3736.58568
-3736.585656
-3736.585616
-3736.585848
-3736.585848
-3736.585992
-3736.586036
-3736.585952
-3736.586104
-3736.585968
-3736.586028
-3736.585964
-3736.58588
-3736.58572
-3736.585684
-3736.585632
-3736.585852
-3736.585932
-3736.586028
-3736.585988
-3736.585932
-3736.585928
-3736.585868
-3736.58586
-3736.58592
-3736.585828
-3736.585696
-3736.585752
-3736.585712
-3736.585768
-3736.58566
-3736.585588
-3736.585808
-3736.585784
-3736.5858
-3736.58584
-3736.586016
-3736.586144
-3736.586352
-3736.58636
-3736.586448
-3736.586444
-3736.58634
-3736.586388
-3736.586308
-3736.586216
-3736.586156
-3736.586016
-3736.586132
-3736.586204
-3736.586356
-3736.5863
-3736.586204
-3736.586056
-3736.58606
-3736.586196
-3736.586176
-3736.586204
-3736.58624
-3736.586204
-3736.58614
-3736.586096
-3736.585968
-3736.585888
-3736.58588
-3736.585924
-3736.585968
-3736.585872
-3736.58576
-3736.585848
-3736.586044
-3736.585976
-3736.586188
-3736.586228
-3736.586348
-3736.586364
-3736.586396
-3736.5862
-3736.586216
-3736.58628
-3736.586248
-3736.586244
-3736.586132
-3736.586208
-3736.586248
-3736.586244
-3736.5863
-3736.586172
-3736.586252
-3736.586316
-3736.586312
-3736.58632
-3736.586284
-3736.586376
-3736.5862
-3736.58622
-3736.58616
-3736.586168
-3736.586052
-3736.586168
-3736.586088
-3736.586084
-3736.586164
-3736.586156
-3736.585976
-3736.586036
-3736.586008
-3736.585924
-3736.585952
-3736.586008
-3736.585944
-3736.586004
-3736.586056
-3736.586196
-3736.586156
-3736.586136
-3736.586012
-3736.586156
-3736.586068
-3736.586076
-3736.586184
-3736.586068
-3736.586156
-3736.58606
-3736.586012
-3736.586096
-3736.586072
-3736.585984
-3736.58614
-3736.586228
-3736.586468
-3736.586412
-3736.586384
-3736.5864
-3736.586244
-3736.586212
-3736.586148
-3736.586152
-3736.586244
-3736.586232
-3736.586088
-3736.585988
-3736.586112
-3736.58608
-3736.586032
-3736.58596
-3736.585968
-3736.586036
-3736.58598
-3736.585876
-3736.585684
-3736.585516
-3736.585536
-3736.585496
-3736.585404
-3736.585376
-3736.58532
-3736.585152
-3736.585188
-3736.58514
-3736.585068
-3736.585104
-3736.585016
-3736.585048
-3736.585084
-3736.585196
-3736.585232
-3736.585232
-3736.58526
-3736.585488
-3736.585588
-3736.585688
-3736.585676
-3736.585572
-3736.585428
-3736.585504
-3736.58548
-3736.58564
-3736.585808
-3736.585736
-3736.585856
-3736.58594
-3736.585832
-3736.585892
-3736.586012
-3736.58596
-3736.585908
-3736.586076
-3736.585996
-3736.585904
-3736.585812
-3736.585716
-3736.585664
-3736.585508
-3736.58562
-3736.585444
-3736.585412
-3736.58542
-3736.585368
-3736.585348
-3736.585452
-3736.585516
-3736.58578
-3736.58588
-3736.585916
-3736.58588
-3736.585792
-3736.585676
-3736.58566
-3736.585648
-3736.585452
-3736.585524
-3736.585688
-3736.585716
-3736.585576
-3736.585452
-3736.585492
-3736.58552
-3736.585644
-3736.585584
-3736.58566
-3736.585684
-3736.58568
-3736.585684
-3736.585656
-3736.585728
-3736.585824
-3736.586044
-3736.586064
-3736.586008
-3736.58594
-3736.58592
-3736.58574
-3736.5856
-3736.585508
-3736.585464
-3736.58542
-3736.585344
-3736.585208
-3736.585344
-3736.585312
-3736.585164
-3736.585212
-3736.585192
-3736.58512
-3736.585228
-3736.585268
-3736.585232
-3736.585312
-3736.585396
-3736.585496
-3736.585416
-3736.58532
-3736.585424
-3736.585316
-3736.58534
-3736.585348
-3736.585452
-3736.585316
-3736.585308
-3736.585436
-3736.585508
-3736.585448
-3736.58538
-3736.58538
-3736.585368
-3736.585356
-3736.585444
-3736.585408
-3736.58538
-3736.58548
-3736.58552
-3736.585516
-3736.585504
-3736.585524
-3736.585528
-3736.585624
-3736.585636
-3736.58572
-3736.58576
-3736.585612
-3736.58556
-3736.585572
-3736.58554
-3736.585492
-3736.585488
-3736.585596
-3736.585596
-3736.585548
-3736.585664
-3736.5855
-3736.585496
-3736.585564
-3736.58558
-3736.585628
-3736.58562
-3736.58554
-3736.58552
-3736.585624
-3736.58566
-3736.58582
-3736.585924
-3736.585868
-3736.58588
-3736.585976
-3736.58582
-3736.585952
-3736.58586
-3736.58584
-3736.585844
-3736.585636
-3736.585732
-3736.585604
-3736.585648
-3736.585656
-3736.58562
-3736.585512
-3736.585512
-3736.585576
-3736.585648
-3736.5855
-3736.585436
-3736.585496
-3736.58536
-3736.585276
-3736.585184
-3736.585304
-3736.585264
-3736.585336
-3736.585268
-3736.585428
-3736.58546
-3736.585444
-3736.585428
-3736.5856
-3736.585708
-3736.585748
-3736.585684
-3736.585688
-3736.585832
-3736.586012
-3736.586024
-3736.58604
-3736.585904
-3736.585904
-3736.585984
-3736.585984
-3736.586112
-3736.586264
-3736.586144
-3736.58628
-3736.586348
-3736.586332
-3736.586384
-3736.586396
-3736.586324
-3736.586308
-3736.58626
-3736.586188
-3736.586284
-3736.586308
-3736.586212
-3736.586112
-3736.586128
-3736.586184
-3736.586232
-3736.586076
-3736.586128
-3736.586152
-3736.586132
-3736.586136
-3736.586188
-3736.586316
-3736.586244
-3736.58626
-3736.58644
-3736.586448
-3736.586476
-3736.586524
-3736.58652
-3736.586732
-3736.586808
-3736.586796
-3736.586776
-3736.586816
-3736.58678
-3736.586712
-3736.586744
-3736.586708
-3736.58672
-3736.586856
-3736.58688
-3736.58688
-3736.586848
-3736.587008
-3736.586908
-3736.586856
-3736.587088
-3736.587212
-3736.587084
-3736.587196
-3736.587176
-3736.58726
-3736.587156
-3736.587172
-3736.587028
-3736.58718
-3736.587308
-3736.587204
-3736.587172
-3736.587048
-3736.587084
-3736.587068
-3736.587064
-3736.587032
-3736.58714
-3736.587108
-3736.587092
-3736.587304
-3736.587248
-3736.587164
-3736.587216
-3736.58734
-3736.587276
-3736.587256
-3736.587288
-3736.587224
-3736.587072
-3736.586952
-3736.58708
-3736.587108
-3736.587264
-3736.58744
-3736.587424
-3736.587364
-3736.587444
-3736.587444
-3736.587348
-3736.587372
-3736.587368
-3736.587408
-3736.587472
-3736.587476
-3736.58744
-3736.587364
-3736.587336
-3736.587464
-3736.587516
-3736.587496
-3736.587548
-3736.587372
-3736.587268
-3736.587364
-3736.587372
-3736.587304
-3736.58736
-3736.587332
-3736.58742
-3736.587456
-3736.587384
-3736.587408
-3736.58754
-3736.587332
-3736.587388
-3736.5872
-3736.58718
-3736.587248
-3736.587116
-3736.587032
-3736.5871
-3736.587128
-3736.587228
-3736.58714
-3736.587208
-3736.587176
-3736.587268
-3736.587268
-3736.58738
-3736.587292
-3736.587276
-3736.587108
-3736.587136
-3736.58718
-3736.5872
-3736.587212
-3736.587228
-3736.587216
-3736.587248
-3736.587272
-3736.587284
-3736.587216
-3736.587108
-3736.587108
-3736.587128
-3736.587048
-3736.587132
-3736.587188
-3736.587356
-3736.587216
-3736.587148
-3736.587036
-3736.587012
-3736.587116
-3736.587232
-3736.58724
-3736.587252
-3736.587252
-3736.58726
-3736.587104
-3736.587064
-3736.58716
-3736.587156
-3736.587272
-3736.587148
-3736.587112
-3736.587256
-3736.587248
-3736.587188
-3736.58718
-3736.587256
-3736.58744
-3736.587516
-3736.58742
-3736.58746
-3736.587404
-3736.587332
-3736.58748
-3736.587572
-3736.587608
-3736.587592
-3736.587632
-3736.587448
-3736.587632
-3736.587704
-3736.587708
-3736.587752
-3736.5878
-3736.587772
-3736.587812
-3736.588024
-3736.58816
-3736.588096
-3736.588176
-3736.588144
-3736.588116
-3736.588212
-3736.58812
-3736.588008
-3736.587968
-3736.587936
-3736.5878
-3736.58792
-3736.587832
-3736.58794
-3736.58798
-3736.587952
-3736.587936
-3736.587976
-3736.587916
-3736.587904
-3736.587868
-3736.5881
-3736.588052
-3736.588028
-3736.588108
-3736.5882
-3736.588172
-3736.587876
-3736.587872
-3736.587816
-3736.5878
-3736.587852
-3736.587824
-3736.587684
-3736.587588
-3736.587576
-3736.587508
-3736.58756
-3736.587552
-3736.587564
-3736.587468
-3736.587456
-3736.587452
-3736.587492
-3736.587456
-3736.587544
-3736.587576
-3736.587688
-3736.587488
-3736.587512
-3736.587716
-3736.58762
-3736.587612
-3736.587668
-3736.587592
-3736.58756
-3736.587684
-3736.587632
-3736.587684
-3736.587864
-3736.587924
-3736.587908
-3736.587836
-3736.587808
-3736.587872
-3736.5878
-3736.587876
-3736.58794
-3736.588068
-3736.588188
-3736.588268
-3736.588188
-3736.588324
-3736.58838
-3736.588412
-3736.588448
-3736.588468
-3736.58826
-3736.58824
-3736.588252
-3736.58834
-3736.588356
-3736.588332
-3736.588252
-3736.58824
-3736.5882
-3736.588204
-3736.58824
-3736.588292
-3736.58828
-3736.588272
-3736.588288
-3736.58806
-3736.588296
-3736.58818
-3736.588284
-3736.588244
-3736.588232
-3736.588192
-3736.58814
-3736.588144
-3736.58804
-3736.588012
-3736.588208
-3736.588364
-3736.588508
-3736.588632
-3736.588596
-3736.588672
-3736.58868
-3736.588752
-3736.588728
-3736.588712
-3736.588664
-3736.58864
-3736.588584
-3736.588728
-3736.588824
-3736.588988
-3736.588848
-3736.5888
-3736.5887
-3736.588672
-3736.5887
-3736.588752
-3736.588708
-3736.58866
-3736.58882
-3736.588956
-3736.588972
-3736.589104
-3736.58906
-3736.58918
-3736.589156
-3736.589108
-3736.589108
-3736.589092
-3736.589068
-3736.589212
-3736.589292
-3736.589276
-3736.58918
-3736.589284
-3736.589316
-3736.589476
-3736.58948
-3736.589516
-3736.5896
-3736.58962
-3736.58968
-3736.5897
-3736.589648
-3736.589616
-3736.589588
-3736.589672
-3736.589612
-3736.58942
-3736.589416
-3736.589432
-3736.589376
-3736.589512
-3736.589572
-3736.589532
-3736.589644
-3736.589636
-3736.58958
-3736.589532
-3736.589732
-3736.589468
-3736.589456
-3736.589384
-3736.589476
-3736.589504
-3736.589572
-3736.589768
-3736.589852
-3736.589872
-3736.589928
-3736.589896
-3736.589932
-3736.589936
-3736.589812
-3736.589712
-3736.589644
-3736.589688
-3736.589572
-3736.589588
-3736.589532
-3736.589524
-3736.589636
-3736.589664
-3736.589668
-3736.5895
-3736.589448
-3736.58944
-3736.589596
-3736.589608
-3736.589608
-3736.58974
-3736.589692
-3736.589752
-3736.58992
-3736.589952
-3736.58988
-3736.589936
-3736.590048
-3736.589972
-3736.590016
-3736.58996
-3736.589872
-3736.589972
-3736.58996
-3736.589944
-3736.589972
-3736.589812
-3736.58996
-3736.58994
-3736.589948
-3736.590116
-3736.590112
-3736.590184
-3736.590156
-3736.590148
-3736.590016
-3736.590076
-3736.5899
-3736.589944
-3736.590048
-3736.590136
-3736.590052
-3736.590076
-3736.589968
-3736.589956
-3736.589748
-3736.589648
-3736.589632
-3736.589484
-3736.589368
-3736.589252
-3736.589292
-3736.589288
-3736.589284
-3736.589176
-3736.589132
-3736.58898
-3736.589
-3736.588992
-3736.589004
-3736.588948
-3736.588932
-3736.588848
-3736.588844
-3736.588848
-3736.588844
-3736.588748
-3736.588676
-3736.588736
-3736.588752
-3736.588804
-3736.588812
-3736.588804
-3736.58894
-3736.58904
-3736.589212
-3736.589188
-3736.589048
-3736.588976
-3736.588904
-3736.58884
-3736.588836
-3736.588816
-3736.588884
-3736.588836
-3736.588904
-3736.58886
-3736.588824
-3736.588776
-3736.588908
-3736.588904
-3736.588784
-3736.588748
-3736.588832
-3736.588836
-3736.588996
-3736.588996
-3736.589004
-3736.589044
-3736.58894
-3736.588912
-3736.58878
-3736.588868
-3736.588928
-3736.588848
-3736.588876
-3736.58888
-3736.588688
-3736.588772
-3736.588772
-3736.588784
-3736.588956
-3736.589044
-3736.58898
-3736.5891
-3736.589096
-3736.589236
-3736.58928
-3736.589304
-3736.589376
-3736.589288
-3736.589256
-3736.589296
-3736.589304
-3736.589288
-3736.5894
-3736.589436
-3736.589452
-3736.58952
-3736.58962
-3736.58956
-3736.589684
-3736.589868
-3736.589972
-3736.589964
-3736.589876
-3736.589992
-3736.590056
-3736.590032
-3736.589916
-3736.589904
-3736.589896
-3736.590016
-3736.590064
-3736.59002
-3736.590152
-3736.590112
-3736.590088
-3736.589936
-3736.590012
-3736.59006
-3736.590048
-3736.590228
-3736.590292
-3736.590344
-3736.590188
-3736.590128
-3736.590156
-3736.590304
-3736.59032
-3736.590268
-3736.59024
-3736.590184
-3736.590336
-3736.590352
-3736.590384
-3736.590352
-3736.590356
-3736.59026
-3736.590208
-3736.590232
-3736.590248
-3736.590056
-3736.589956
-3736.589988
-3736.590092
-3736.590064
-3736.590004
-3736.590028
-3736.589972
-3736.589852
-3736.58984
-3736.58986
-3736.589832
-3736.58968
-3736.589656
-3736.589808
-3736.589792
-3736.589852
-3736.589768
-3736.589852
-3736.589816
-3736.589792
-3736.589612
-3736.589712
-3736.589664
-3736.589552
-3736.58956
-3736.589596
-3736.589324
-3736.589188
-3736.589128
-3736.58922
-3736.589224
-3736.589068
-3736.589056
-3736.58904
-3736.588908
-3736.589064
-3736.589012
-3736.589072
-3736.589216
-3736.589108
-3736.589168
-3736.589264
-3736.5892
-3736.589128
-3736.589088
-3736.589012
-3736.58898
-3736.5889
-3736.58884
-3736.588748
-3736.58882
-3736.588956
-3736.588972
-3736.5889
-3736.588996
-3736.589012
-3736.588976
-3736.588868
-3736.588916
-3736.588988
-3736.589056
-3736.589048
-3736.589072
-3736.5891
-3736.589028
-3736.589132
-3736.589112
-3736.58906
-3736.588884
-3736.588732
-3736.58866
-3736.5886
-3736.588604
-3736.58862
-3736.58862
-3736.588588
-3736.5885
-3736.588584
-3736.588576
-3736.588632
-3736.588644
-3736.588716
-3736.58862
-3736.588632
-3736.588636
-3736.588484
-3736.588252
-3736.588236
-3736.588272
-3736.588276
-3736.58816
-3736.588124
-3736.588144
-3736.588044
-3736.587888
-3736.587688
-3736.587816
-3736.58792
-3736.587912
-3736.587892
-3736.587924
-3736.587968
-3736.587848
-3736.587876
-3736.587792
-3736.587688
-3736.58772
-3736.587764
-3736.587836
-3736.58772
-3736.587776
-3736.587824
-3736.587772
-3736.587776
-3736.587644
-3736.587704
-3736.587572
-3736.587772
-3736.587732
-3736.587612
-3736.58752
-3736.587356
-3736.587384
-3736.587348
-3736.587308
-3736.587336
-3736.587108
-3736.587068
-3736.587072
-3736.587136
-3736.587136
-3736.587144
-3736.587044
-3736.58708
-3736.587104
-3736.587164
-3736.58726
-3736.587276
-3736.587172
-3736.58718
-3736.587096
-3736.586904
-3736.586972
-3736.587132
-3736.587136
-3736.587156
-3736.587012
-3736.587056
-3736.587068
-3736.587008
-3736.5869
-3736.58688
-3736.586904
-3736.58698
-3736.587036
-3736.586964
-3736.586964
-3736.587016
-3736.587028
-3736.586936
-3736.586816
-3736.586836
-3736.587
-3736.587044
-3736.587136
-3736.587028
-3736.587048
-3736.587008
-3736.587092
-3736.58712
-3736.587164
-3736.587292
-3736.5874
-3736.58748
-3736.587388
-3736.587284
-3736.587436
-3736.587456
-3736.58736
-3736.587372
-3736.587368
-3736.58738
-3736.587524
-3736.58762
-3736.5877
-3736.587668
-3736.587704
-3736.587676
-3736.587744
-3736.587632
-3736.587572
-3736.587568
-3736.58754
-3736.587412
-3736.58738
-3736.587336
-3736.587376
-3736.58744
-3736.587372
-3736.587548
-3736.587584
-3736.587624
-3736.587652
-3736.587608
-3736.587544
-3736.58756
-3736.587684
-3736.58762
-3736.587564
-3736.587308
-3736.587264
-3736.587036
-3736.587016
-3736.586908
-3736.586956
-3736.586884
-3736.586864
-3736.586872
-3736.586912
-3736.586888
-3736.586796
-3736.586768
-3736.58674
-3736.586868
-3736.586888
-3736.587036
-3736.587136
-3736.587056
-3736.587096
-3736.58704
-3736.58714
-3736.587096
-3736.587176
-3736.587336
-3736.58736
-3736.58736
-3736.58732
-3736.587224
-3736.58726
-3736.587288
-3736.587232
-3736.587148
-3736.587176
-3736.587232
-3736.587288
-3736.587444
-3736.58734
-3736.587268
-3736.58734
-3736.587316
-3736.587272
-3736.587192
-3736.587068
-3736.587036
-3736.58714
-3736.5872
-3736.587252
-3736.587268
-3736.58722
-3736.587132
-3736.58702
-3736.586904
-3736.586836
-3736.586868
-3736.586832
-3736.586688
-3736.586844
-3736.58692
-3736.58686
-3736.586816
-3736.586784
-3736.586844
-3736.586836
-3736.586812
-3736.586808
-3736.586764
-3736.586848
-3736.58682
-3736.586948
-3736.586872
-3736.586772
-3736.586692
-3736.586568
-3736.586432
-3736.586456
-3736.586612
-3736.586644
-3736.586728
-3736.586764
-3736.586708
-3736.586564
-3736.58668
-3736.586824
-3736.586884
-3736.586904
-3736.586924
-3736.58682
-3736.586828
-3736.586912
-3736.586912
-3736.586836
-3736.586832
-3736.586856
-3736.586796
-3736.586816
-3736.587024
-3736.586876
-3736.586728
-3736.586744
-3736.586796
-3736.586784
-3736.586816
-3736.586736
-3736.5866
-3736.586656
-3736.586852
-3736.58682
-3736.587056
-3736.587028
-3736.587124
-3736.587096
-3736.586948
-3736.587096
-3736.587148
-3736.587016
-3736.587036
-3736.587088
-3736.58726
-3736.587296
-3736.587392
-3736.587416
-3736.587352
-3736.587216
-3736.587276
-3736.5871
-3736.587204
-3736.587232
-3736.587172
-3736.587072
-3736.587092
-3736.587148
-3736.587088
-3736.587084
-3736.58702
-3736.587236
-3736.587184
-3736.587304
-3736.587408
-3736.587528
-3736.587464
-3736.587532
-3736.587412
-3736.587388
-3736.587492
-3736.587592
-3736.587616
-3736.587488
-3736.587464
-3736.587488
-3736.587616
-3736.587696
-3736.587632
-3736.587696
-3736.587668
-3736.587708
-3736.587648
-3736.58764
-3736.587764
-3736.587696
-3736.587556
-3736.587628
-3736.587576
-3736.587624
-3736.587624
-3736.587476
-3736.587504
-3736.58758
-3736.587568
-3736.587372
-3736.587392
-3736.587452
-3736.587332
-3736.587252
-3736.587228
-3736.58722
-3736.587196
-3736.5871
-3736.586968
-3736.58704
-3736.587244
-3736.587252
-3736.587144
-3736.58702
-3736.586904
-3736.58678
-3736.5867
-3736.58668
-3736.586644
-3736.58672
-3736.5868
-3736.58698
-3736.587004
-3736.587004
-3736.58696
-3736.58704
-3736.587112
-3736.58712
-3736.587204
-3736.587068
-3736.587124
-3736.587072
-3736.587084
-3736.587084
-3736.5871
-3736.586984
-3736.586948
-3736.586968
-3736.586932
-3736.586916
-3736.586992
-3736.586964
-3736.587064
-3736.587124
-3736.58714
-3736.58708
-3736.587108
-3736.587156
-3736.587056
-3736.58708
-3736.587068
-3736.587076
-3736.587272
-3736.587168
-3736.58724
-3736.587132
-3736.587248
-3736.58708
-3736.587032
-3736.58684
-3736.58684
-3736.586844
-3736.586696
-3736.586768
-3736.5867
-3736.586496
-3736.586388
-3736.5862
-3736.586024
-3736.585892
-3736.58596
-3736.586032
-3736.58612
-3736.58604
-3736.5859
-3736.586012
-3736.586048
-3736.586004
-3736.586008
-3736.585852
-3736.585756
-3736.58578
-3736.585844
-3736.585884
-3736.585788
-3736.58594
-3736.586032
-3736.585904
-3736.585896
-3736.585916
-3736.586008
-3736.585956
-3736.585948
-3736.585896
-3736.585764
-3736.585816
-3736.585752
-3736.5856
-3736.585484
-3736.585544
-3736.58562
-3736.585552
-3736.585736
-3736.58566
-3736.5857
-3736.58584
-3736.585828
-3736.585724
-3736.585716
-3736.5857
-3736.585572
-3736.585488
-3736.585572
-3736.585576
-3736.585556
-3736.585576
-3736.585656
-3736.585636
-3736.585544
-3736.585464
-3736.585548
-3736.585568
-3736.585564
-3736.585456
-3736.585476
-3736.585432
-3736.585484
-3736.585476
-3736.585496
-3736.585472
-3736.585452
-3736.585504
-3736.585604
-3736.5857
-3736.585648
-3736.585808
-3736.585692
-3736.585684
-3736.585596
-3736.585588
-3736.585616
-3736.585764
-3736.585876
-3736.585808
-3736.585764
-3736.585736
-3736.585684
-3736.585716
-3736.585908
-3736.585936
-3736.585908
-3736.585828
-3736.586012
-3736.586156
-3736.586036
-3736.586084
-3736.58616
-3736.586144
-3736.586036
-3736.586088
-3736.586
-3736.586
-3736.585908
-3736.585956
-3736.586056
-3736.58612
-3736.586116
-3736.5862
-3736.586216
-3736.586236
-3736.586188
-3736.58618
-3736.586172
-3736.586116
-3736.586144
-3736.586248
-3736.586268
-3736.58636
-3736.586328
-3736.586368
-3736.586568
-3736.586584
-3736.58662
-3736.586544
-3736.586476
-3736.586312
-3736.58636
-3736.586368
-3736.586456
-3736.586464
-3736.586388
-3736.586228
-3736.586352
-3736.586388
-3736.586456
-3736.586336
-3736.586332
-3736.58624
-3736.586248
-3736.586008
-3736.586068
-3736.585968
-3736.5859
-3736.585896
-3736.585852
-3736.585992
-3736.586048
-3736.586116
-3736.586068
-3736.586172
-3736.586268
-3736.58628
-3736.58628
-3736.586112
-3736.586192
-3736.586136
-3736.58626
-3736.58616
-3736.586072
-3736.586036
-3736.58608
-3736.586096
-3736.586272
-3736.586244
-3736.586264
-3736.58612
-3736.586176
-3736.586132
-3736.586104
-3736.586156
-3736.58612
-3736.58612
-3736.586228
-3736.586252
-3736.5862
-3736.586164
-3736.586088
-3736.585912
-3736.585852
-3736.585764
-3736.585788
-3736.585732
-3736.58594
-3736.586244
-3736.586244
-3736.586172
-3736.585996
-3736.585936
-3736.585944
-3736.585956
-3736.585888
-3736.585732
-3736.585616
-3736.585716
-3736.585604
-3736.585596
-3736.58558
-3736.585496
-3736.585448
-3736.5853
-3736.585328
-3736.585232
-3736.585296
-3736.585368
-3736.585304
-3736.585268
-3736.585164
-3736.585192
-3736.585152
-3736.58508
-3736.585052
-3736.585024
-3736.584904
-3736.584944
-3736.58492
-3736.58496
-3736.584996
-3736.584972
